desc: I1 cache:         32768 B, 64 B, 4-way associative
desc: D1 cache:         32768 B, 64 B, 8-way associative
desc: LL cache:         12582912 B, 64 B, 24-way associative
cmd: ./tema2_neopt input_valgrind
events: Ir I1mr ILmr Dr D1mr DLmr Dw D1mw DLmw Bc Bcm Bi Bim
fl=/usr/src/debug/glibc-2.28-189.el8.x86_64/elf/../elf/dl-runtime.c
fn=_dl_fixup
66 84 1 1 0 0 0 21 0 0 0 0 0 0
68 21 0 0 21 0 0 0 0 0 0 0 0 0
69 42 0 0 42 8 0 0 0 0 0 0 0 0
72 105 1 1 42 9 0 0 0 0 0 0 0 0
73 147 0 0 42 16 0 21 1 0 0 0 0 0
75 63 0 0 42 6 0 0 0 0 0 0 0 0
80 42 0 0 0 0 0 0 0 0 21 1 0 0
84 42 1 1 21 17 5 0 0 0 21 0 0 0
86 80 0 0 20 5 0 0 0 0 0 0 0 0
88 63 0 0 21 5 0 0 0 0 21 2 0 0
92 40 0 0 40 11 0 0 0 0 0 0 0 0
93 80 0 0 20 4 0 0 0 0 0 0 0 0
101 21 0 0 0 0 0 0 0 0 0 0 0 0
102 63 1 1 21 2 0 0 0 0 21 0 0 0
112 210 0 0 42 5 0 63 2 0 0 0 0 0
116 105 1 1 63 0 0 0 0 0 21 0 0 0
126 189 0 0 63 0 0 0 0 0 42 0 0 0
133 21 0 0 21 0 0 0 0 0 0 0 0 0
141 84 0 0 21 0 0 0 0 0 21 3 0 0
145 63 0 0 21 2 0 0 0 0 21 0 0 0
149 63 1 1 42 0 0 0 0 0 0 0 0 0
fl=/usr/src/debug/glibc-2.28-189.el8.x86_64/elf/../elf/dl-sysdep.c
fn=_dl_sysdep_start
88 9 1 1 0 0 0 6 1 1 0 0 0 0
89 2 0 0 0 0 0 0 0 0 0 0 0 0
90 2 1 1 1 0 0 0 0 0 0 0 0 0
112 1 0 0 0 0 0 1 0 0 0 0 0 0
113 309 1 1 101 13 13 4 3 3 100 10 0 0
116 2 0 0 0 0 0 1 0 0 0 0 0 0
117 1 1 1 0 0 0 1 0 0 0 0 0 0
119 134 4 4 36 6 6 19 1 1 30 11 0 0
120 109 0 0 17 3 3 0 0 0 19 2 17 13
123 1 0 0 1 0 0 0 0 0 0 0 0 0
124 1 0 0 0 0 0 0 0 0 0 0 0 0
126 1 0 0 1 0 0 0 0 0 0 0 0 0
127 1 0 0 0 0 0 0 0 0 0 0 0 0
129 1 1 1 1 0 0 0 0 0 0 0 0 0
130 2 0 0 0 0 0 0 0 0 0 0 0 0
132 1 0 0 1 0 0 0 0 0 0 0 0 0
133 2 0 0 0 0 0 0 0 0 0 0 0 0
153 1 0 0 1 0 0 0 0 0 0 0 0 0
154 2 0 0 0 0 0 0 0 0 0 0 0 0
156 1 0 0 1 0 0 0 0 0 0 0 0 0
157 2 0 0 0 0 0 0 0 0 0 0 0 0
159 2 1 1 1 0 0 1 0 0 0 0 0 0
160 2 0 0 0 0 0 1 0 0 0 0 0 0
165 2 1 1 1 0 0 1 0 0 0 0 0 0
166 2 0 0 0 0 0 1 0 0 0 0 0 0
181 2 1 1 1 0 0 1 0 0 0 0 0 0
182 2 0 0 0 0 0 1 0 0 0 0 0 0
224 1 1 1 0 0 0 1 0 0 0 0 0 0
235 3 0 0 1 0 0 0 0 0 1 0 0 0
236 2 0 0 0 0 0 2 0 0 0 0 0 0
238 5 0 0 0 0 0 1 0 0 1 0 0 0
250 3 1 1 1 0 0 0 0 0 1 0 0 0
253 5 0 0 1 0 0 1 0 0 0 0 1 1
255 9 1 0 8 2 0 0 0 0 0 0 0 0
fn=_dl_sysdep_start_cleanup
259 1 1 1 0 0 0 0 0 0 0 0 0 0
260 1 0 0 1 0 0 0 0 0 0 0 0 0
fl=/usr/src/debug/glibc-2.28-189.el8.x86_64/elf/../elf/dl-tls.c
fn=_dl_add_to_slotinfo
999 8 2 2 0 0 0 4 0 0 0 0 0 0
1005 1 0 0 1 0 0 0 0 0 0 0 0 0
1008 1 0 0 1 1 0 0 0 0 0 0 0 0
1009 1 0 0 0 0 0 0 0 0 0 0 0 0
1013 3 0 0 1 0 0 0 0 0 1 0 0 0
1047 2 0 0 0 0 0 0 0 0 1 1 0 0
1050 3 1 1 0 0 0 1 1 0 0 0 0 0
1051 3 0 0 1 1 0 1 0 0 0 0 0 0
1054 6 0 0 5 0 0 0 0 0 0 0 0 0
fn=_dl_allocate_tls_init
519 9 1 1 0 0 0 7 0 0 0 0 0 0
520 2 0 0 0 0 0 0 0 0 1 0 0 0
524 3 1 1 1 0 0 1 0 0 0 0 0 0
526 2 0 0 0 0 0 0 0 0 0 0 0 0
527 1 0 0 0 0 0 0 0 0 0 0 0 0
530 2 0 0 1 1 0 1 0 0 0 0 1 1
533 3 0 0 2 1 0 0 0 0 1 0 0 0
545 1 0 0 1 0 0 0 0 0 0 0 0 0
550 10 1 1 2 0 0 0 0 0 2 1 0 0
556 4 0 0 0 0 0 0 0 0 2 2 0 0
559 3 0 0 1 0 0 0 0 0 0 0 0 0
560 2 0 0 0 0 0 0 0 0 1 0 0 0
566 3 1 1 2 0 0 0 0 0 1 0 0 0
567 2 0 0 0 0 0 0 0 0 0 0 0 0
569 5 0 0 2 0 0 1 0 0 0 0 0 0
570 1 1 1 0 0 0 1 0 0 0 0 0 0
572 2 0 0 0 0 0 0 0 0 1 0 0 0
573 2 0 0 1 0 0 0 0 0 0 0 0 0
576 2 0 0 0 0 0 0 0 0 1 0 0 0
577 4 0 0 2 0 0 0 0 0 1 0 0 0
579 2 0 0 0 0 0 0 0 0 1 1 0 0
580 2 1 1 1 0 0 0 0 0 0 0 0 0
589 1 0 0 0 0 0 1 0 0 0 0 0 0
592 9 0 0 2 0 0 2 0 0 0 0 0 0
604 2 1 1 1 0 0 1 0 0 0 0 1 1
607 2 1 1 1 0 0 1 0 0 0 0 0 0
610 9 0 0 8 0 0 0 0 0 0 0 0 0
fn=_dl_allocate_tls_storage
417 5 1 1 0 0 0 3 0 0 0 0 0 0
419 1 0 0 1 0 0 0 0 0 0 0 0 0
430 1 0 0 1 0 0 0 0 0 0 0 0 0
431 1 0 0 0 0 0 0 0 0 0 0 0 0
432 3 1 1 0 0 0 0 0 0 1 0 0 0
440 4 0 0 0 0 0 0 0 0 0 0 0 0
441 1 0 0 0 0 0 0 0 0 0 0 0 0
445 297 1 1 0 0 0 289 36 36 288 10 0 0
464 1 0 0 0 0 0 1 1 1 0 0 0 0
466 2 0 0 0 0 0 1 0 0 0 0 0 0
467 2 0 0 0 0 0 0 0 0 1 1 0 0
470 5 0 0 4 0 0 0 0 0 0 0 0 0
fn=_dl_assign_tls_modid
127 2 1 1 0 0 0 1 0 0 0 0 0 0
130 3 1 1 2 0 0 0 0 0 1 0 0 0
182 1 0 0 0 0 0 0 0 0 0 0 0 0
184 1 0 0 0 0 0 1 0 0 0 0 0 0
187 1 0 0 0 0 0 1 0 0 0 0 0 0
188 2 0 0 2 0 0 0 0 0 0 0 0 0
fn=_dl_count_modids
193 1 1 1 0 0 0 0 0 0 0 0 0 0
195 2 0 0 1 0 0 0 0 0 1 0 0 0
196 2 0 0 2 0 0 0 0 0 0 0 0 0
fn=_dl_determine_tlsoffset
217 6 1 1 0 0 0 4 0 0 0 0 0 0
218 2 0 0 0 0 0 0 0 0 0 0 0 0
219 1 0 0 0 0 0 0 0 0 0 0 0 0
220 1 0 0 0 0 0 0 0 0 0 0 0 0
223 3 0 0 1 0 0 0 0 0 1 0 0 0
226 2 0 0 1 0 0 0 0 0 1 0 0 0
260 1 0 0 0 0 0 0 0 0 0 0 0 0
262 10 1 1 2 1 1 0 0 0 2 1 0 0
264 2 0 0 1 0 0 0 0 0 1 0 0 0
266 3 0 0 1 0 0 0 0 0 0 0 0 0
267 2 1 1 1 0 0 0 0 0 0 0 0 0
269 2 0 0 0 0 0 0 0 0 0 0 0 0
271 5 1 1 1 0 0 0 0 0 1 1 0 0
287 8 0 0 0 0 0 0 0 0 0 0 0 0
289 2 0 0 0 0 0 0 0 0 1 1 0 0
290 2 0 0 0 0 0 0 0 0 0 0 0 0
299 1 0 0 0 0 0 1 0 0 0 0 0 0
302 1 0 0 0 0 0 1 0 0 0 0 0 0
303 6 1 1 1 0 0 0 0 0 0 0 0 0
305 2 1 1 0 0 0 1 0 0 0 0 0 0
355 1 0 0 0 0 0 1 0 0 0 0 0 0
356 6 0 0 5 0 0 0 0 0 0 0 0 0
fn=_dl_tls_static_surplus_init
79 3 0 0 0 0 0 0 0 0 0 0 0 0
93 6 1 1 0 0 0 3 0 0 0 0 0 0
97 6 1 1 1 0 0 1 0 0 0 0 0 0
98 7 0 0 1 0 0 1 0 0 0 0 0 0
104 1 0 0 0 0 0 0 0 0 0 0 0 0
106 3 0 0 0 0 0 0 0 0 1 0 0 0
109 1 0 0 0 0 0 0 0 0 0 0 0 0
111 1 0 0 0 0 0 1 0 0 0 0 0 0
113 3 0 0 0 0 0 1 0 0 0 0 0 0
114 5 0 0 4 0 0 0 0 0 0 0 0 0
fn=allocate_dtv
361 4 1 1 0 0 0 2 0 0 0 0 0 0
366 1 0 0 1 0 0 0 0 0 0 0 0 0
370 1 0 0 0 0 0 0 0 0 0 0 0 0
371 1 0 0 0 0 0 0 0 0 0 0 0 0
372 2 0 0 0 0 0 0 0 0 1 0 0 0
375 1 0 0 0 0 0 1 1 1 0 0 0 0
381 3 0 0 0 0 0 1 0 0 0 0 0 0
387 4 0 0 3 0 0 0 0 0 0 0 0 0
fl=/usr/src/debug/glibc-2.28-189.el8.x86_64/elf/../include/rtld-malloc.h
fn=_dl_allocate_tls_storage
56 1 0 0 1 0 0 1 0 0 0 0 1 1
fn=_dl_check_map_versions
44 6 0 0 3 0 0 3 0 0 0 0 3 1
fn=_dl_important_hwcaps
56 4 1 1 2 0 0 3 0 0 0 0 2 2
fn=_dl_init_paths
56 3 1 1 2 0 0 2 0 0 0 0 2 2
fn=_dl_map_object_deps
56 6 1 1 3 0 0 3 0 0 0 0 3 2
fn=_dl_new_object
44 12 0 0 3 0 0 6 0 0 0 0 3 2
56 6 1 1 2 0 0 2 0 0 0 0 2 1
fn=allocate_dtv
44 2 1 1 1 0 0 1 0 0 0 0 1 1
fn=init_tls
44 2 0 0 1 0 0 1 0 0 0 0 1 1
fn=open_verify.constprop.9
50 6 1 1 2 0 0 2 0 0 0 0 2 1
fn=rtld_calloc
56 8 0 0 8 0 0 0 0 0 0 0 8 1
fl=/usr/src/debug/glibc-2.28-189.el8.x86_64/elf/../include/scratch_buffer.h
fn=_dl_map_object_deps
77 4 0 0 0 0 0 2 0 0 0 0 0 0
78 1 0 0 0 0 0 1 1 1 0 0 0 0
85 5 1 1 2 0 0 0 0 0 1 1 0 0
131 6 0 0 2 0 0 2 0 0 0 0 0 0
fl=/usr/src/debug/glibc-2.28-189.el8.x86_64/elf/../misc/sbrk.c
fn=sbrk
32 5 1 1 0 0 0 2 0 0 0 0 0 0
40 6 0 0 2 0 0 0 0 0 2 0 0 0
44 2 0 0 0 0 0 0 0 0 1 1 0 0
60 5 1 1 3 0 0 0 0 0 0 0 0 0
fl=/usr/src/debug/glibc-2.28-189.el8.x86_64/elf/../sysdeps/generic/dl-cache.h
fn=_dl_load_cache_lookup
185 5 0 0 0 0 0 0 0 0 1 1 0 0
fn=search_cache
116 5 1 1 0 0 0 0 0 0 0 0 0 0
fl=/usr/src/debug/glibc-2.28-189.el8.x86_64/elf/../sysdeps/generic/dl-hash.h
fn=__rtld_malloc_init_real
43 1 0 0 0 0 0 0 0 0 0 0 0 0
44 1 0 0 0 0 0 0 0 0 0 0 0 0
45 28 0 0 5 1 1 0 0 0 6 1 0 0
48 18 1 1 0 0 0 0 0 0 0 0 0 0
62 24 0 0 0 0 0 0 0 0 0 0 0 0
67 1 0 0 0 0 0 0 0 0 0 0 0 0
72 1 0 0 0 0 0 1 0 0 0 0 0 0
fl=/usr/src/debug/glibc-2.28-189.el8.x86_64/elf/../sysdeps/generic/ldsodefs.h
fn=_dl_relocate_object
125 300 1 1 100 0 0 0 0 0 0 0 0 0
fn=do_lookup_x
125 333 0 0 111 0 0 0 0 0 0 0 0 0
fl=/usr/src/debug/glibc-2.28-189.el8.x86_64/elf/../sysdeps/posix/dl-fileid.h
fn=_dl_map_object_from_fd
35 12 0 0 0 0 0 2 0 0 2 0 0 0
38 2 0 0 2 0 0 0 0 0 0 0 0 0
39 4 0 0 2 0 0 2 0 0 0 0 0 0
47 12 1 1 6 1 1 0 0 0 6 5 0 0
fl=/usr/src/debug/glibc-2.28-189.el8.x86_64/elf/../sysdeps/unix/sysv/linux/dl-osinfo.h
fn=dl_main
64 2 0 0 1 0 0 0 0 0 0 0 0 0
77 1 0 0 1 0 0 0 0 0 0 0 0 0
fl=/usr/src/debug/glibc-2.28-189.el8.x86_64/elf/../sysdeps/unix/sysv/linux/dl-sysdep.c
fn=_dl_discover_osversion
46 5 1 1 0 0 0 3 0 0 0 0 0 0
48 3 0 0 1 0 0 0 0 0 1 1 0 0
88 5 1 1 0 0 0 1 1 1 1 0 0 0
103 1 1 1 0 0 0 0 0 0 0 0 0 0
107 1 0 0 0 0 0 0 0 0 0 0 0 0
108 1 0 0 0 0 0 0 0 0 0 0 0 0
110 12 0 0 3 1 1 0 0 0 3 0 0 0
112 6 0 0 0 0 0 0 0 0 0 0 0 0
114 20 0 0 5 0 0 0 0 0 5 3 0 0
116 2 0 0 0 0 0 0 0 0 0 0 0 0
117 4 0 0 0 0 0 0 0 0 0 0 0 0
120 3 0 0 0 0 0 0 0 0 0 0 0 0
121 3 1 1 0 0 0 0 0 0 0 0 0 0
122 3 0 0 0 0 0 0 0 0 0 0 0 0
124 13 0 0 0 0 0 0 0 0 5 3 0 0
129 2 0 0 0 0 0 0 0 0 1 1 0 0
133 5 0 0 4 0 0 0 0 0 0 0 0 0
fn=_dl_sysdep_start
36 2 0 0 0 0 0 1 0 0 0 0 0 0
fl=/usr/src/debug/glibc-2.28-189.el8.x86_64/elf/../sysdeps/unix/sysv/linux/x86/cpu-features.c
fn=init_cpu_features.constprop.0
28 6 0 0 0 0 0 0 0 0 1 0 0 0
fl=/usr/src/debug/glibc-2.28-189.el8.x86_64/elf/../sysdeps/unix/sysv/linux/x86_64/brk.c
fn=brk
28 1 1 1 0 0 0 0 0 0 0 0 0 0
31 5 1 1 0 0 0 1 1 1 1 0 0 0
33 2 0 0 0 0 0 0 0 0 1 0 0 0
39 1 0 0 0 0 0 0 0 0 0 0 0 0
40 1 0 0 1 0 0 0 0 0 0 0 0 0
fl=/usr/src/debug/glibc-2.28-189.el8.x86_64/elf/../sysdeps/x86/cpu-features.c
fn=get_common_indices.constprop.1
321 3 1 1 0 0 0 1 0 0 0 0 0 0
328 5 1 1 0 0 0 3 0 0 0 0 0 0
332 1 0 0 0 0 0 1 0 0 0 0 0 0
333 4 0 0 0 0 0 1 0 0 0 0 0 0
334 4 0 0 0 0 0 1 0 0 0 0 0 0
335 4 0 0 0 0 0 1 0 0 0 0 0 0
336 3 0 0 0 0 0 1 0 0 0 0 0 0
337 2 1 1 1 0 0 0 0 0 1 0 0 0
344 2 0 0 1 0 0 0 0 0 1 0 0 0
346 9 1 1 0 0 0 4 1 1 0 0 0 0
351 8 0 0 0 0 0 4 1 1 0 0 0 0
358 2 0 0 1 0 0 0 0 0 1 1 0 0
371 2 1 1 2 0 0 0 0 0 0 0 0 0
fn=init_cpu_features.constprop.0
299 4 0 0 0 0 0 0 0 0 0 0 0 0
300 2 0 0 0 0 0 0 0 0 1 0 0 0
301 6 0 0 0 0 0 4 0 0 0 0 0 0
306 2 1 1 0 0 0 0 0 0 1 0 0 0
307 6 0 0 0 0 0 4 1 1 0 0 0 0
312 2 0 0 0 0 0 0 0 0 1 0 0 0
313 6 1 1 0 0 0 4 0 0 0 0 0 0
386 3 1 1 0 0 0 2 0 0 0 0 0 0
389 1 0 0 0 0 0 1 0 0 0 0 0 0
390 1 0 0 0 0 0 1 0 0 0 0 0 0
391 1 0 0 0 0 0 1 0 0 0 0 0 0
402 3 0 0 0 0 0 1 0 0 0 0 0 0
405 6 1 1 0 0 0 0 0 0 3 1 0 0
409 3 1 1 0 0 0 1 0 0 0 0 0 0
411 6 2 2 0 0 0 1 0 0 0 0 0 0
416 1 0 0 0 0 0 1 0 0 0 0 0 0
418 3 0 0 1 0 0 0 0 0 1 1 0 0
420 3 1 1 2 0 0 1 0 0 0 0 0 0
421 9 1 1 3 1 1 0 0 0 1 0 1 1
490 1 0 0 0 0 0 0 0 0 0 0 0 0
500 5 0 0 0 0 0 0 0 0 3 1 0 0
525 5 0 0 1 0 0 0 0 0 0 0 0 0
629 3 1 1 1 0 0 0 0 0 1 0 0 0
630 1 0 0 1 0 0 0 0 0 0 0 0 0
633 2 0 0 0 0 0 0 0 0 1 0 0 0
634 1 0 0 1 0 0 0 0 0 0 0 0 0
640 1 1 1 0 0 0 1 0 0 0 0 0 0
641 1 0 0 0 0 0 1 0 0 0 0 0 0
642 1 0 0 0 0 0 1 0 0 0 0 0 0
643 1 0 0 0 0 0 1 0 0 0 0 0 0
646 4 0 0 0 0 0 1 0 0 0 0 0 0
648 6 0 0 1 0 0 2 1 1 0 0 0 0
650 6 1 1 1 0 0 2 0 0 0 0 0 0
652 6 1 1 1 0 0 2 0 0 0 0 0 0
654 6 0 0 1 0 0 2 0 0 0 0 0 0
656 6 0 0 1 0 0 2 0 0 0 0 0 0
660 3 1 1 1 0 0 0 0 0 1 1 0 0
663 1 1 1 0 0 0 0 0 0 0 0 0 0
667 1 0 0 1 0 0 0 0 0 0 0 0 0
672 1 1 1 0 0 0 0 0 0 0 0 0 0
677 1 0 0 0 0 0 1 0 0 0 0 0 0
686 2 0 0 0 0 0 1 0 0 0 0 0 0
697 2 1 1 1 0 0 0 0 0 0 0 0 0
703 1 0 0 1 0 0 0 0 0 0 0 0 0
707 1 0 0 1 0 0 0 0 0 0 0 0 0
709 1 0 0 1 0 0 0 0 0 0 0 0 0
721 1 0 0 0 0 0 1 0 0 0 0 0 0
722 2 0 0 1 0 0 0 0 0 1 1 0 0
726 3 1 1 1 0 0 0 0 0 1 1 0 0
743 2 1 1 0 0 0 0 0 0 1 1 0 0
768 4 1 1 0 0 0 1 0 0 0 0 0 0
770 4 0 0 0 0 0 1 0 0 0 0 0 0
820 4 0 0 3 0 0 0 0 0 0 0 0 0
fn=update_usable.constprop.2
50 7 1 1 0 0 0 6 0 0 0 0 0 0
54 1 0 0 1 0 0 0 0 0 0 0 0 0
62 3 0 0 1 0 0 0 0 0 0 0 0 0
63 3 0 0 0 0 0 0 0 0 0 0 0 0
72 3 0 0 2 0 0 0 0 0 0 0 0 0
73 1 0 0 1 0 0 0 0 0 0 0 0 0
82 4 0 0 1 0 0 1 0 0 0 0 0 0
83 1 1 1 1 0 0 0 0 0 0 0 0 0
84 3 0 0 0 0 0 1 1 1 0 0 0 0
88 4 1 1 0 0 0 1 0 0 0 0 0 0
91 4 1 1 1 0 0 1 0 0 0 0 0 0
92 1 0 0 1 0 0 0 0 0 0 0 0 0
94 4 0 0 1 0 0 1 0 0 0 0 0 0
95 1 0 0 1 0 0 0 0 0 0 0 0 0
99 4 0 0 1 0 0 1 0 0 0 0 0 0
100 3 1 1 2 0 0 0 0 0 0 0 0 0
101 3 0 0 2 0 0 0 0 0 0 0 0 0
102 1 0 0 1 0 0 0 0 0 0 0 0 0
104 4 0 0 1 0 0 1 0 0 0 0 0 0
107 2 0 0 0 0 0 0 0 0 1 1 0 0
283 3 1 1 1 0 0 0 0 0 1 1 0 0
287 3 0 0 1 1 1 0 0 0 1 1 0 0
293 8 1 1 7 0 0 0 0 0 0 0 0 0
fl=/usr/src/debug/glibc-2.28-189.el8.x86_64/elf/../sysdeps/x86/dl-cet.c
fn=_dl_cet_check
245 1 1 1 0 0 0 0 0 0 0 0 0 0
246 1 0 0 0 0 0 0 0 0 0 0 0 0
fn=dl_cet_check
39 7 1 1 0 0 0 6 0 0 0 0 0 0
41 2 0 0 0 0 0 0 0 0 0 0 0 0
42 1 0 0 1 0 0 0 0 0 0 0 0 0
44 1 0 0 0 0 0 0 0 0 0 0 0 0
45 1 0 0 0 0 0 0 0 0 0 0 0 0
48 4 1 1 0 0 0 0 0 0 1 0 0 0
49 2 0 0 0 0 0 0 0 0 0 0 0 0
54 1 0 0 1 0 0 0 0 0 0 0 0 0
59 2 0 0 0 0 0 0 0 0 1 1 0 0
228 8 1 1 7 0 0 0 0 0 0 0 0 0
fl=/usr/src/debug/glibc-2.28-189.el8.x86_64/elf/../sysdeps/x86/dl-get-cpu-features.c
fn=__x86_cpu_features
38 3 0 0 1 0 0 0 0 0 1 0 0 0
42 3 2 1 1 0 0 0 0 0 0 0 0 0
fn=_dl_x86_init_cpu_features
36 1 1 1 0 0 0 0 0 0 0 0 0 0
38 3 0 0 1 0 0 0 0 0 1 1 0 0
39 1 0 0 0 0 0 0 0 0 0 0 0 0
fl=/usr/src/debug/glibc-2.28-189.el8.x86_64/elf/../sysdeps/x86/dl-hwcap.h
fn=_dl_important_hwcaps
57 6 0 0 1 0 0 0 0 0 0 0 0 0
fl=/usr/src/debug/glibc-2.28-189.el8.x86_64/elf/../sysdeps/x86/dl-procinfo.h
fn=search_cache
39 2 0 0 0 0 0 0 0 0 1 0 0 0
42 13 1 1 0 0 0 3 0 0 1 0 0 0
fl=/usr/src/debug/glibc-2.28-189.el8.x86_64/elf/../sysdeps/x86/dl-prop.h
fn=_dl_process_pt_note
53 8 0 0 4 0 0 0 0 0 4 0 0 0
59 8 0 0 4 0 0 0 0 0 2 2 0 0
62 2 0 0 0 0 0 0 0 0 0 0 0 0
67 16 2 2 0 0 0 0 0 0 4 2 0 0
70 6 1 1 2 0 0 0 0 0 2 0 0 0
71 4 0 0 2 0 0 0 0 0 2 0 0 0
72 4 0 0 2 0 0 0 0 0 2 0 0 0
76 6 0 0 2 0 0 0 0 0 2 0 0 0
80 6 0 0 0 0 0 2 0 0 0 0 0 0
83 6 0 0 2 0 0 0 0 0 0 0 0 0
84 4 1 1 0 0 0 0 0 0 2 0 0 0
88 2 0 0 0 0 0 0 0 0 0 0 0 0
89 4 0 0 0 0 0 0 0 0 0 0 0 0
93 4 0 0 2 0 0 0 0 0 0 0 0 0
94 2 0 0 2 0 0 0 0 0 0 0 0 0
97 4 0 0 0 0 0 0 0 0 2 2 0 0
100 2 0 0 0 0 0 0 0 0 0 0 0 0
101 8 0 0 0 0 0 0 0 0 2 0 0 0
106 4 0 0 0 0 0 0 0 0 2 2 0 0
113 4 0 0 0 0 0 0 0 0 2 0 0 0
116 4 0 0 2 0 0 2 0 0 0 0 0 0
120 2 0 0 0 0 0 0 0 0 0 0 0 0
136 2 0 0 0 0 0 0 0 0 0 0 0 0
137 10 0 0 0 0 0 0 0 0 0 0 0 0
142 10 0 0 2 0 0 0 0 0 2 0 0 0
143 2 0 0 2 0 0 0 0 0 0 0 0 0
144 4 0 0 0 0 0 0 0 0 2 0 0 0
145 4 0 0 2 0 0 0 0 0 0 0 0 0
153 40 2 2 0 0 0 24 1 1 0 0 0 0
156 8 0 0 0 0 0 2 0 0 0 0 0 0
157 4 0 0 4 1 1 0 0 0 0 0 0 0
159 16 0 0 8 0 0 0 0 0 4 2 0 0
163 4 0 0 0 0 0 0 0 0 2 0 0 0
164 32 2 2 2 1 1 0 0 0 4 4 0 0
170 8 0 0 0 0 0 4 2 2 0 0 0 0
171 14 1 1 2 0 0 2 0 0 2 0 0 0
180 4 0 0 0 0 0 0 0 0 2 2 0 0
183 4 1 1 0 0 0 0 0 0 0 0 0 0
184 34 1 1 28 0 0 0 0 0 0 0 0 0
fn=dl_main
33 3 0 0 1 0 0 1 0 0 0 0 0 0
59 4 1 1 2 1 1 0 0 0 2 1 0 0
fl=/usr/src/debug/glibc-2.28-189.el8.x86_64/elf/../sysdeps/x86_64/dl-hwcaps-subdirs.c
fn=_dl_hwcaps_subdirs_active
27 1 1 1 0 0 0 0 0 0 0 0 0 0
33 8 0 0 1 0 0 0 0 0 2 0 0 0
34 4 0 0 1 0 0 0 0 0 1 0 0 0
40 1 0 0 0 0 0 0 0 0 0 0 0 0
44 2 1 1 0 0 0 0 0 0 1 1 0 0
53 1 0 0 0 0 0 0 0 0 0 0 0 0
66 1 1 1 1 0 0 0 0 0 0 0 0 0
fl=/usr/src/debug/glibc-2.28-189.el8.x86_64/elf/../sysdeps/x86_64/dl-irel.h
fn=_dl_fixup
32 6 0 0 0 0 0 3 0 0 0 0 3 3
fl=/usr/src/debug/glibc-2.28-189.el8.x86_64/elf/../sysdeps/x86_64/dl-machine.h
fn=_dl_fixup
237 21 0 0 0 0 0 21 0 0 0 0 0 0
fn=_dl_relocate_object
75 10 1 1 2 0 0 0 0 0 4 0 0 0
81 4 0 0 4 1 0 0 0 0 0 0 0 0
85 6 0 0 2 2 1 0 0 0 2 0 0 0
91 2 0 0 0 0 0 2 0 0 0 0 0 0
99 6 1 1 2 0 0 0 0 0 2 0 0 0
119 4 0 0 2 0 0 0 0 0 2 2 0 0
126 8 0 0 0 0 0 2 0 0 0 0 0 0
271 234 0 0 0 0 0 0 0 0 0 0 0 0
292 234 1 1 0 0 0 0 0 0 117 1 0 0
296 234 0 0 0 0 0 0 0 0 117 0 0 0
303 5106 9 9 1044 82 73 781 3 0 668 40 0 0
304 1087 6 6 491 1 1 0 0 0 248 14 0 0
307 444 0 0 0 0 0 0 0 0 44 14 0 0
309 208 0 0 0 0 0 0 0 0 104 7 0 0
328 702 0 0 117 3 3 0 0 0 117 0 117 4
424 51 1 1 17 0 0 0 0 0 17 0 0 0
428 68 1 1 17 1 0 0 0 0 17 0 0 0
433 51 0 0 34 3 3 0 0 0 0 0 0 0
442 34 0 0 0 0 0 17 8 8 0 0 0 0
452 200 1 1 100 13 12 100 14 11 0 0 0 0
486 6 0 0 0 0 0 3 0 0 0 0 0 0
509 84 1 1 84 0 0 0 0 0 0 0 0 0
510 42 0 0 0 0 0 42 0 0 0 0 42 41
511 42 0 0 0 0 0 42 2 2 0 0 0 0
515 42 0 0 0 0 0 0 0 0 0 0 0 0
530 3639 0 0 1213 151 151 0 0 0 0 0 0 0
535 2426 0 0 0 0 0 0 0 0 1213 0 0 0
536 3639 0 0 1213 152 152 1213 224 222 0 0 0 0
546 48 0 0 24 0 0 0 0 0 0 0 0 0
550 48 0 0 0 0 0 0 0 0 24 0 0 0
553 72 0 0 24 0 0 0 0 0 24 0 0 0
554 24 0 0 24 2 2 0 0 0 0 0 0 0
558 24 0 0 20 1 0 0 0 0 0 0 0 0
fn=_dl_start
58 3 0 0 1 1 1 0 0 0 0 0 0 0
268 6 0 0 0 0 0 0 0 0 0 0 0 0
296 12 0 0 0 0 0 0 0 0 6 0 0 0
304 60 1 1 24 6 6 0 0 0 12 0 0 0
307 12 0 0 0 0 0 0 0 0 6 0 0 0
328 34 0 0 5 1 1 0 0 0 6 1 5 1
348 10 1 1 5 1 1 5 0 0 0 0 0 0
349 5 0 0 0 0 0 0 0 0 0 0 0 0
416 1 1 1 0 0 0 0 0 0 0 0 0 0
535 90 0 0 45 5 5 0 0 0 45 0 0 0
536 135 0 0 45 6 6 45 28 28 0 0 0 0
fn=_dl_sysdep_start
223 1 0 0 0 0 0 1 0 0 0 0 0 0
fl=/usr/src/debug/glibc-2.28-189.el8.x86_64/elf/../sysdeps/x86_64/dl-trampoline.h
fn=_dl_runtime_resolve_fxsave
67 21 1 1 0 0 0 0 0 0 0 0 0 0
72 21 0 0 0 0 0 21 0 0 0 0 0 0
75 21 0 0 0 0 0 0 0 0 0 0 0 0
77 21 0 0 0 0 0 0 0 0 0 0 0 0
80 21 0 0 0 0 0 0 0 0 0 0 0 0
93 21 0 0 0 0 0 21 4 0 0 0 0 0
94 21 0 0 0 0 0 21 0 0 0 0 0 0
95 21 1 1 0 0 0 21 1 0 0 0 0 0
96 21 0 0 0 0 0 21 0 0 0 0 0 0
97 21 0 0 0 0 0 21 1 0 0 0 0 0
98 21 0 0 0 0 0 21 0 0 0 0 0 0
99 21 0 0 0 0 0 21 1 0 0 0 0 0
101 21 0 0 0 0 0 378 20 1 0 0 0 0
124 21 0 0 21 0 0 0 0 0 0 0 0 0
125 21 0 0 21 0 0 0 0 0 0 0 0 0
126 21 0 0 0 0 0 21 1 0 0 0 0 0
127 21 0 0 0 0 0 0 0 0 0 0 0 0
130 21 0 0 378 0 0 0 0 0 0 0 0 0
136 21 0 0 21 0 0 0 0 0 0 0 0 0
137 21 0 0 21 0 0 0 0 0 0 0 0 0
138 21 0 0 21 0 0 0 0 0 0 0 0 0
139 21 1 1 21 0 0 0 0 0 0 0 0 0
140 21 0 0 21 0 0 0 0 0 0 0 0 0
141 21 0 0 21 0 0 0 0 0 0 0 0 0
142 21 0 0 21 0 0 0 0 0 0 0 0 0
144 21 0 0 0 0 0 0 0 0 0 0 0 0
146 21 0 0 21 0 0 0 0 0 0 0 0 0
150 21 0 0 0 0 0 0 0 0 0 0 0 0
153 21 0 0 0 0 0 0 0 0 0 0 21 21
fl=/usr/src/debug/glibc-2.28-189.el8.x86_64/elf/./dl-hwcaps.h
fn=_dl_important_hwcaps
54 4 0 0 1 0 0 2 0 0 0 0 0 0
56 5 0 0 2 0 0 2 0 0 0 0 0 0
88 2 1 1 1 0 0 1 0 0 0 0 0 0
89 3 0 0 1 0 0 1 0 0 0 0 0 0
fn=copy_hwcaps.isra.1
54 2 0 0 0 0 0 2 0 0 0 0 0 0
56 4 0 0 0 0 0 2 0 0 0 0 0 0
88 2 0 0 0 0 0 2 0 0 0 0 0 0
89 4 0 0 0 0 0 2 0 0 0 0 0 0
fn=update_hwcaps_counts
54 2 0 0 0 0 0 2 0 0 0 0 0 0
56 4 0 0 0 0 0 2 0 0 0 0 0 0
88 2 0 0 0 0 0 2 0 0 0 0 0 0
89 4 1 1 0 0 0 2 0 0 0 0 0 0
fl=/usr/src/debug/glibc-2.28-189.el8.x86_64/elf/./dl-load.h
fn=_dl_map_object_from_fd
90 8 0 0 4 0 0 0 0 0 4 2 0 0
91 6 0 0 4 0 0 2 0 0 0 0 0 0
93 8 1 1 4 1 1 0 0 0 4 1 0 0
94 4 1 1 2 0 0 0 0 0 1 0 0 0
95 6 0 0 2 0 0 0 0 0 1 0 0 0
96 4 1 1 1 0 0 0 0 0 0 0 0 0
98 4 0 0 0 0 0 1 0 0 0 0 0 0
fl=/usr/src/debug/glibc-2.28-189.el8.x86_64/elf/./dl-main.h
fn=dl_main
109 5 0 0 4 0 0 1 0 0 0 0 0 0
fl=/usr/src/debug/glibc-2.28-189.el8.x86_64/elf/./dl-map-segments.h
fn=_dl_map_object_from_fd
50 4 0 0 2 0 0 0 0 0 0 0 0 0
56 16 2 2 6 0 0 6 0 0 0 0 0 0
60 6 0 0 2 0 0 0 0 0 2 0 0 0
63 6 0 0 2 0 0 2 0 0 0 0 0 0
64 4 0 0 0 0 0 2 0 0 0 0 0 0
66 4 1 1 2 0 0 0 0 0 2 0 0 0
73 28 1 1 10 0 0 4 0 0 2 0 0 0
80 4 0 0 4 0 0 0 0 0 0 0 0 0
90 20 0 0 4 0 0 0 0 0 4 2 0 0
92 12 1 1 6 0 0 2 0 0 2 0 0 0
94 24 1 1 10 0 0 4 0 0 2 2 0 0
104 16 0 0 8 0 0 0 0 0 4 1 0 0
110 4 0 0 2 0 0 0 0 0 0 0 0 0
111 2 0 0 0 0 0 0 0 0 0 0 0 0
112 6 0 0 2 0 0 0 0 0 0 0 0 0
113 4 0 0 0 0 0 0 0 0 0 0 0 0
115 4 0 0 0 0 0 0 0 0 0 0 0 0
120 4 1 1 0 0 0 0 0 0 2 0 0 0
123 4 0 0 2 0 0 0 0 0 2 0 0 0
131 16 0 0 0 0 0 8 0 0 0 0 0 0
132 6 0 0 6 0 0 0 0 0 0 0 0 0
137 4 0 0 0 0 0 0 0 0 2 1 0 0
141 9 1 1 1 0 0 2 0 0 0 0 0 0
144 3 0 0 1 0 0 0 0 0 1 1 0 0
149 4 1 1 0 0 0 0 0 0 0 0 0 0
fl=/usr/src/debug/glibc-2.28-189.el8.x86_64/elf/./dl-sym-post.h
fn=lookup_malloc_symbol
41 8 0 0 0 0 0 0 0 0 4 0 0 0
53 12 0 0 4 0 0 0 0 0 4 0 0 0
fl=/usr/src/debug/glibc-2.28-189.el8.x86_64/elf/dl-cache.c
fn=_dl_cache_libcmp
360 10 1 1 0 0 0 0 0 0 0 0 0 0
361 196 0 0 98 9 9 0 0 0 49 6 0 0
363 192 1 1 0 0 0 0 0 0 48 1 0 0
365 2 0 0 0 0 0 0 0 0 1 0 0 0
371 3 0 0 0 0 0 0 0 0 0 0 0 0
372 3 0 0 0 0 0 0 0 0 0 0 0 0
373 4 1 1 1 0 0 0 0 0 1 1 0 0
375 4 0 0 1 0 0 0 0 0 1 1 0 0
377 2 0 0 0 0 0 0 0 0 1 1 0 0
383 94 0 0 0 0 0 0 0 0 47 0 0 0
385 94 0 0 0 0 0 0 0 0 47 10 0 0
386 18 1 1 9 0 0 0 0 0 0 0 0 0
389 38 0 0 0 0 0 0 0 0 0 0 0 0
390 38 0 0 0 0 0 0 0 0 0 0 0 0
393 3 0 0 1 0 0 0 0 0 0 0 0 0
fn=_dl_load_cache_lookup
406 6 1 1 0 0 0 2 0 0 0 0 0 0
408 2 0 0 1 0 0 0 0 0 1 0 0 0
411 3 0 0 1 1 1 0 0 0 1 1 0 0
414 6 2 2 0 0 0 2 1 1 0 0 0 0
422 6 0 0 2 0 0 0 0 0 2 0 0 0
423 8 1 1 3 1 1 0 0 0 2 0 0 0
426 7 1 1 0 0 0 0 0 0 1 0 0 0
427 1 0 0 1 0 0 0 0 0 0 0 0 0
429 1 0 0 1 0 0 0 0 0 0 0 0 0
434 1 1 1 0 0 0 1 0 0 0 0 0 0
435 2 0 0 0 0 0 1 0 0 0 0 0 0
485 3 1 1 1 0 0 0 0 0 1 0 0 0
488 5 0 0 1 0 0 1 0 0 0 0 0 0
503 2 1 1 1 0 0 0 0 0 1 0 0 0
507 2 0 0 0 0 0 0 0 0 1 0 0 0
515 18 2 2 1 0 0 1 0 0 2 2 0 0
516 4 0 0 0 0 0 1 0 0 0 0 0 0
517 2 0 0 0 0 0 1 0 0 0 0 0 0
518 3 0 0 3 0 0 0 0 0 0 0 0 0
fn=_dl_unload_cache
527 2 1 1 0 0 0 0 0 0 0 0 0 0
528 4 0 0 1 1 0 0 0 0 1 0 0 0
530 2 0 0 1 0 0 1 0 0 0 0 0 0
531 1 1 1 0 0 0 1 0 0 0 0 0 0
535 1 0 0 0 0 0 1 0 0 0 0 0 0
537 2 0 0 1 0 0 0 0 0 0 0 0 0
fn=search_cache
190 11 0 0 0 0 0 0 0 0 0 0 0 0
202 13 1 1 0 0 0 10 1 1 0 0 0 0
204 1 0 0 1 0 0 0 0 0 0 0 0 0
207 7 1 1 1 0 0 3 0 0 0 0 0 0
209 9 1 1 2 0 0 3 0 0 0 0 0 0
210 3 0 0 1 0 0 0 0 0 0 0 0 0
212 7 0 0 2 0 0 1 0 0 0 0 0 0
219 18 0 0 0 0 0 0 0 0 9 2 0 0
221 18 0 0 0 0 0 0 0 0 0 0 0 0
222 20 1 1 11 8 8 0 0 0 0 0 0 0
226 18 0 0 0 0 0 0 0 0 9 0 0 0
230 27 1 1 0 0 0 9 0 0 0 0 0 0
231 18 0 0 0 0 0 0 0 0 9 1 0 0
239 2 0 0 0 0 0 0 0 0 1 0 0 0
241 4 0 0 2 0 0 0 0 0 0 0 0 0
244 11 1 1 2 0 0 1 0 0 1 0 0 0
246 10 1 1 2 0 0 1 0 0 1 0 0 0
258 2 0 0 0 0 0 0 0 0 1 1 0 0
268 2 1 1 1 0 0 0 0 0 1 0 0 0
269 3 0 0 1 0 0 0 0 0 1 0 0 0
271 2 0 0 1 0 0 0 0 0 1 1 0 0
278 2 1 1 1 0 0 0 0 0 1 0 0 0
286 1 0 0 1 0 0 0 0 0 0 0 0 0
296 4 0 0 1 0 0 0 0 0 1 0 0 0
298 3 1 1 1 0 0 0 0 0 1 0 0 0
299 2 0 0 1 0 0 0 0 0 1 0 0 0
303 3 1 1 0 0 0 0 0 0 1 1 0 0
311 2 0 0 0 0 0 0 0 0 1 0 0 0
332 2 0 0 1 0 0 1 0 0 0 0 0 0
335 5 0 0 1 0 0 0 0 0 1 0 0 0
349 8 0 0 0 0 0 0 0 0 8 6 0 0
350 4 0 0 0 0 0 0 0 0 0 0 0 0
352 4 0 0 0 0 0 0 0 0 0 0 0 0
356 10 1 1 9 0 0 0 0 0 0 0 0 0
fl=/usr/src/debug/glibc-2.28-189.el8.x86_64/elf/dl-call-libc-early-init.c
fn=_dl_call_libc_early_init
27 4 1 1 0 0 0 2 0 0 0 0 0 0
29 2 0 0 0 0 0 0 0 0 1 0 0 0
33 7 1 1 0 0 0 1 0 0 0 0 0 0
37 2 0 0 0 0 0 0 0 0 1 0 0 0
39 4 0 0 3 0 0 0 0 0 1 0 0 0
40 2 0 0 0 0 0 0 0 0 0 0 1 1
41 3 0 0 2 0 0 0 0 0 0 0 0 0
fl=/usr/src/debug/glibc-2.28-189.el8.x86_64/elf/dl-debug.c
fn=_dl_debug_initialize
46 4 2 1 0 0 0 0 0 0 0 0 0 0
49 8 0 0 0 0 0 0 0 0 4 4 0 0
50 4 2 1 4 0 0 0 0 0 0 0 0 0
54 14 1 0 4 0 0 0 0 0 7 6 0 0
57 1 0 0 0 0 0 1 0 0 0 0 0 0
58 6 2 1 3 0 0 1 0 0 1 1 0 0
59 5 1 1 1 0 0 1 0 0 0 0 0 0
60 2 0 0 0 0 0 1 0 0 0 0 0 0
64 1 0 0 1 0 0 0 0 0 0 0 0 0
fn=_dl_debug_state
73 2 0 0 0 0 0 0 0 0 0 0 0 0
74 2 0 0 2 0 0 0 0 0 0 0 0 0
fl=/usr/src/debug/glibc-2.28-189.el8.x86_64/elf/dl-deps.c
fn=_dl_map_object_deps
144 4 0 0 0 0 0 2 0 0 0 0 0 0
145 2 0 0 0 0 0 2 1 1 0 0 0 0
146 7 2 2 0 0 0 2 0 0 0 0 0 0
148 3 0 0 0 0 0 1 0 0 0 0 0 0
152 8 0 0 2 0 0 2 0 0 0 0 0 0
159 12 1 1 0 0 0 8 1 1 0 0 0 0
160 20 3 3 1 1 1 0 0 0 2 2 0 0
176 11 1 1 1 0 0 1 0 0 2 0 0 0
177 1 0 0 1 0 0 0 0 0 0 0 0 0
180 2 0 0 1 0 0 1 0 0 0 0 0 0
198 2 1 1 1 0 0 1 0 0 0 0 0 0
199 2 0 0 0 0 0 1 0 0 0 0 0 0
200 2 0 0 0 0 0 2 0 0 0 0 0 0
202 9 0 0 6 0 0 0 0 0 0 0 0 0
206 4 0 0 0 0 0 0 0 0 0 0 0 0
209 8 1 1 4 0 0 4 0 0 0 0 0 0
213 16 0 0 4 0 0 4 0 0 4 4 0 0
214 25 1 1 11 0 0 0 0 0 11 2 0 0
217 6 1 1 0 0 0 0 0 0 2 0 0 0
221 6 0 0 2 0 0 2 0 0 0 0 0 0
224 16 0 0 8 0 0 0 0 0 8 2 0 0
226 6 1 1 4 0 0 2 0 0 0 0 0 0
231 2 0 0 0 0 0 2 0 0 0 0 0 0
232 2 0 0 0 0 0 2 1 1 0 0 0 0
233 4 1 1 2 0 0 2 0 0 0 0 0 0
234 4 0 0 2 0 0 2 0 0 0 0 0 0
237 208 1 1 55 0 0 2 0 0 51 2 0 0
238 100 1 1 0 0 0 0 0 0 49 0 0 0
244 18 1 1 4 0 0 2 0 0 2 2 0 0
246 2 0 0 0 0 0 2 0 0 0 0 0 0
248 8 1 1 4 0 0 2 0 0 0 0 0 0
249 4 0 0 2 0 0 0 0 0 2 0 0 0
258 2 0 0 2 0 0 0 0 0 0 0 0 0
260 4 0 0 2 0 0 0 0 0 2 0 0 0
265 14 1 1 2 0 0 0 0 0 2 2 0 0
268 2 0 0 0 0 0 2 0 0 0 0 0 0
269 2 1 1 0 0 0 2 0 0 0 0 0 0
270 2 0 0 0 0 0 2 0 0 0 0 0 0
271 4 0 0 2 0 0 2 0 0 0 0 0 0
273 2 0 0 2 0 0 0 0 0 0 0 0 0
275 10 0 0 2 0 0 4 0 0 0 0 0 0
279 6 0 0 2 0 0 0 0 0 2 1 0 0
280 3 0 0 0 0 0 1 0 0 0 0 0 0
282 141 0 0 0 0 0 0 0 0 47 6 0 0
287 3 0 0 0 0 0 2 0 0 0 0 0 0
303 6 0 0 0 0 0 3 1 1 0 0 0 0
380 6 1 1 0 0 0 3 0 0 0 0 0 0
433 12 1 1 4 0 0 0 0 0 4 2 0 0
435 6 0 0 0 0 0 2 0 0 0 0 0 0
438 4 0 0 0 0 0 0 0 0 0 0 0 0
439 4 0 0 0 0 0 0 0 0 2 0 0 0
445 2 0 0 0 0 0 2 0 0 0 0 0 0
446 10 0 0 2 0 0 2 0 0 0 0 0 0
447 10 0 0 0 0 0 2 0 0 0 0 0 0
450 2 0 0 0 0 0 2 0 0 0 0 0 0
451 2 0 0 2 0 0 0 0 0 0 0 0 0
455 16 1 1 8 0 0 0 0 0 4 4 0 0
457 4 0 0 4 0 0 0 0 0 0 0 0 0
458 19 0 0 5 0 0 0 0 0 7 6 0 0
464 6 0 0 2 0 0 0 0 0 2 0 0 0
465 1 0 0 0 0 0 1 0 0 0 0 0 0
468 4 1 1 1 0 0 1 0 0 1 1 0 0
479 3 0 0 1 0 0 0 0 0 0 0 0 0
481 2 0 0 0 0 0 0 0 0 1 0 0 0
486 4 0 0 1 0 0 1 0 0 0 0 0 0
487 1 0 0 0 0 0 1 0 0 0 0 0 0
488 2 0 0 1 0 0 0 0 0 0 0 0 0
490 15 0 0 4 0 0 1 0 0 4 3 0 0
492 12 1 1 4 0 0 0 0 0 4 0 0 0
496 8 0 0 0 0 0 0 0 0 0 0 0 0
498 20 0 0 8 0 0 4 1 1 0 0 0 0
503 4 0 0 4 0 0 0 0 0 0 0 0 0
506 2 1 1 1 0 0 0 0 0 1 0 0 0
558 3 0 0 1 0 0 0 0 0 1 1 0 0
595 3 1 1 1 0 0 0 0 0 1 0 0 0
596 5 0 0 1 0 0 0 0 0 1 1 0 0
610 3 1 1 0 0 0 1 0 0 0 0 0 0
615 7 1 1 3 0 0 0 0 0 1 0 0 0
618 5 0 0 0 0 0 1 0 0 0 0 0 0
621 1 1 1 0 0 0 1 0 0 0 0 0 0
623 1 0 0 0 0 0 1 0 0 0 0 0 0
624 1 0 0 1 0 0 0 0 0 0 0 0 0
625 2 0 0 0 0 0 0 0 0 1 1 0 0
632 3 0 0 1 0 0 0 0 0 1 1 0 0
635 3 1 1 1 0 0 0 0 0 1 0 0 0
638 8 0 0 7 0 0 0 0 0 0 0 0 0
fn=openaux
61 6 1 1 0 0 0 2 0 0 0 0 0 0
64 20 0 0 8 0 0 4 0 0 0 0 0 0
65 4 0 0 2 0 0 0 0 0 0 0 0 0
68 2 0 0 2 0 0 0 0 0 0 0 0 0
69 4 0 0 4 0 0 0 0 0 0 0 0 0
fl=/usr/src/debug/glibc-2.28-189.el8.x86_64/elf/dl-environ.c
fn=_dl_next_ld_env_entry
28 2 1 1 0 0 0 0 0 0 0 0 0 0
29 2 0 0 2 0 0 0 0 0 0 0 0 0
32 301 0 0 100 0 0 0 0 0 100 1 0 0
34 198 1 1 99 0 0 0 0 0 99 13 0 0
35 14 0 0 7 0 0 0 0 0 7 4 0 0
37 1 0 0 0 0 0 0 0 0 0 0 0 0
40 2 0 0 0 0 0 1 0 0 0 0 0 0
42 1 0 0 1 0 0 0 0 0 0 0 0 0
45 98 0 0 0 0 0 0 0 0 0 0 0 0
49 1 0 0 1 0 0 0 0 0 0 0 0 0
fl=/usr/src/debug/glibc-2.28-189.el8.x86_64/elf/dl-error-skeleton.c
fn=_dl_catch_error
225 8 1 1 0 0 0 3 0 0 0 0 0 0
227 4 0 0 0 0 0 1 0 0 0 0 0 0
228 2 0 0 1 0 0 1 0 0 0 0 0 0
229 2 0 0 1 0 0 1 0 0 0 0 0 0
230 2 1 1 1 0 0 1 0 0 0 0 0 0
232 5 0 0 4 0 0 0 0 0 0 0 0 0
fn=_dl_catch_exception
175 24 2 2 3 0 0 15 2 2 0 0 0 0
178 6 0 0 0 0 0 0 0 0 3 0 0 0
199 6 0 0 3 0 0 3 1 1 0 0 0 0
200 6 0 0 0 0 0 3 0 0 0 0 0 0
203 6 0 0 0 0 0 3 0 0 0 0 0 0
206 21 0 0 0 0 0 3 1 1 3 0 0 0
208 9 1 1 6 0 0 3 0 0 0 0 3 2
209 6 0 0 3 0 0 3 0 0 0 0 0 0
210 12 0 0 3 0 0 6 0 0 0 0 0 0
219 12 0 0 6 0 0 0 0 0 0 0 0 0
fn=_dl_receive_error
238 4 0 0 0 0 0 2 0 0 0 0 0 0
239 1 0 0 1 0 0 0 0 0 0 0 0 0
240 1 0 0 1 0 0 0 0 0 0 0 0 0
243 1 1 1 0 0 0 1 0 0 0 0 0 0
244 1 0 0 0 0 0 1 0 0 0 0 0 0
246 2 0 0 0 0 0 1 0 0 0 0 1 1
248 1 0 0 0 0 0 1 0 0 0 0 0 0
249 1 0 0 0 0 0 1 0 0 0 0 0 0
250 4 0 0 3 0 0 0 0 0 0 0 0 0
fl=/usr/src/debug/glibc-2.28-189.el8.x86_64/elf/dl-fini.c
fn=_dl_fini
30 9 1 1 0 0 0 6 0 0 0 0 0 0
47 6 0 0 0 0 0 1 0 0 0 0 0 0
50 7 1 1 1 1 0 0 0 0 2 1 0 0
53 2 1 1 1 1 0 1 0 0 0 0 1 1
55 1 0 0 1 1 0 0 0 0 0 0 0 0
58 2 0 0 0 0 0 0 0 0 1 0 0 0
60 6 0 0 3 0 0 0 0 0 1 0 0 0
65 1 0 0 0 0 0 1 0 0 0 0 0 0
68 16 2 2 1 0 0 0 0 0 2 1 0 0
73 14 0 0 4 0 0 0 0 0 4 3 0 0
75 8 0 0 4 1 0 0 0 0 4 0 0 0
77 8 0 0 0 0 0 0 0 0 4 0 0 0
79 8 0 0 0 0 0 4 0 0 0 0 0 0
80 4 0 0 0 0 0 4 3 0 0 0 0 0
81 4 0 0 0 0 0 0 0 0 0 0 0 0
85 4 1 1 4 1 0 0 0 0 0 0 0 0
87 6 0 0 0 0 0 0 0 0 1 0 0 0
88 6 0 0 0 0 0 0 0 0 1 1 0 0
94 10 2 2 0 0 0 1 0 0 0 0 0 0
104 2 0 0 1 0 0 1 0 0 0 0 1 1
109 20 0 0 5 0 0 1 0 0 5 3 0 0
111 4 0 0 4 0 0 0 0 0 0 0 0 0
113 12 1 1 4 0 0 0 0 0 4 0 0 0
116 8 0 0 0 0 0 4 0 0 0 0 0 0
119 12 0 0 4 4 0 0 0 0 4 2 0 0
120 6 1 1 2 2 0 0 0 0 2 2 0 0
123 4 0 0 2 0 0 0 0 0 2 0 0 0
134 8 1 1 4 1 0 2 0 0 0 0 0 0
135 2 0 0 2 0 0 0 0 0 0 0 0 0
136 4 0 0 2 0 0 0 0 0 0 0 0 0
137 16 0 0 4 1 0 0 0 0 4 2 0 0
138 2 0 0 2 2 0 2 0 0 0 0 2 2
142 4 0 0 0 0 0 0 0 0 2 0 0 0
143 6 1 1 4 1 0 2 0 0 0 0 2 2
149 24 0 0 8 1 0 0 0 0 8 1 0 0
168 4 0 0 4 0 0 0 0 0 0 0 0 0
174 6 1 1 2 0 0 0 0 0 2 0 0 0
180 2 0 0 1 0 0 0 0 0 1 1 0 0
187 8 0 0 7 0 0 0 0 0 0 0 0 0
fl=/usr/src/debug/glibc-2.28-189.el8.x86_64/elf/dl-hwcaps.c
fn=_dl_important_hwcaps
100 3 0 0 0 0 0 1 0 0 0 0 0 0
102 2 1 1 0 0 0 0 0 0 1 0 0 0
105 1 0 0 0 0 0 1 0 0 0 0 0 0
108 1 0 0 0 0 0 0 0 0 0 0 0 0
112 4 1 1 0 0 0 1 0 0 1 0 0 0
125 8 1 1 0 0 0 2 0 0 2 1 0 0
127 5 0 0 2 0 0 1 0 0 0 0 0 0
128 2 0 0 1 0 0 1 0 0 0 0 0 0
129 2 0 0 0 0 0 1 0 0 0 0 0 0
130 1 0 0 0 0 0 0 0 0 0 0 0 0
133 2 0 0 0 0 0 0 0 0 1 0 0 0
142 4 0 0 1 0 0 1 0 0 1 1 0 0
172 15 2 2 0 0 0 10 1 1 0 0 0 0
173 7 0 0 1 0 0 2 1 1 0 0 0 0
175 2 1 1 1 0 0 1 0 0 0 0 0 0
176 4 0 0 1 0 0 1 0 0 0 0 0 0
184 3 1 1 0 0 0 2 0 0 0 0 0 0
185 3 0 0 0 0 0 2 0 0 0 0 0 0
186 6 0 0 0 0 0 1 0 0 0 0 0 0
187 5 0 0 0 0 0 1 0 0 0 0 0 0
189 1 0 0 1 0 0 0 0 0 0 0 0 0
195 1 1 1 1 0 0 0 0 0 0 0 0 0
196 7 1 1 2 0 0 2 0 0 0 0 0 0
200 19 0 0 3 0 0 0 0 0 3 1 0 0
201 7 1 1 2 0 0 2 1 1 2 1 0 0
202 2 0 0 0 0 0 0 0 0 0 0 0 0
208 17 3 3 1 0 0 2 0 0 2 2 0 0
209 2 0 0 0 0 0 0 0 0 0 0 0 0
210 11 3 3 3 0 0 2 0 0 1 1 0 0
211 4 0 0 2 0 0 2 1 1 2 1 0 0
213 1 0 0 0 0 0 1 0 0 0 0 0 0
214 2 0 0 0 0 0 2 0 0 0 0 0 0
215 5 0 0 0 0 0 0 0 0 0 0 0 0
216 2 0 0 0 0 0 0 0 0 0 0 0 0
218 3 0 0 1 0 0 0 0 0 1 0 0 0
220 2 0 0 0 0 0 1 0 0 0 0 0 0
221 2 0 0 1 0 0 1 0 0 0 0 0 0
222 3 0 0 0 0 0 0 0 0 0 0 0 0
225 5 1 1 0 0 0 1 0 0 0 0 0 0
226 1 0 0 0 0 0 1 0 0 0 0 0 0
229 2 0 0 1 0 0 0 0 0 1 0 0 0
232 5 0 0 1 0 0 1 0 0 1 0 0 0
233 3 0 0 2 0 0 0 0 0 0 0 0 0
236 1 1 1 0 0 0 0 0 0 0 0 0 0
237 3 0 0 0 0 0 0 0 0 1 0 0 0
239 3 0 0 0 0 0 0 0 0 0 0 0 0
240 3 0 0 0 0 0 0 0 0 1 0 0 0
241 5 0 0 1 0 0 0 0 0 0 0 0 0
242 2 0 0 0 0 0 0 0 0 1 1 0 0
246 1 1 1 0 0 0 0 0 0 0 0 0 0
249 2 1 1 0 0 0 0 0 0 0 0 0 0
253 11 0 0 2 0 0 3 1 1 0 0 0 0
259 2 0 0 0 0 0 0 0 0 0 0 0 0
260 2 0 0 0 0 0 0 0 0 1 0 0 0
267 1 0 0 0 0 0 1 0 0 0 0 0 0
268 4 0 0 1 0 0 1 0 0 0 0 0 0
269 8 1 1 2 0 0 1 0 0 0 0 0 0
270 6 0 0 3 0 0 1 0 0 0 0 0 0
273 1 0 0 1 0 0 0 0 0 0 0 0 0
274 1 0 0 1 0 0 0 0 0 0 0 0 0
281 2 1 1 0 0 0 0 0 0 1 0 0 0
283 1 0 0 0 0 0 1 1 1 0 0 0 0
305 2 0 0 0 0 0 1 0 0 0 0 0 0
308 15 1 1 2 0 0 4 0 0 1 0 0 0
315 2 0 0 2 0 0 0 0 0 0 0 0 0
318 2 0 0 0 0 0 0 0 0 0 0 0 0
321 10 0 0 4 0 0 4 0 0 0 0 0 0
324 11 0 0 1 0 0 0 0 0 2 1 0 0
325 23 2 2 2 0 0 4 0 0 2 1 0 0
326 7 0 0 2 0 0 2 0 0 0 0 0 0
329 10 0 0 4 0 0 4 0 0 0 0 0 0
331 6 1 1 2 0 0 0 0 0 2 1 0 0
336 25 0 0 0 0 0 0 0 0 8 7 0 0
337 24 0 0 0 0 0 8 1 1 0 0 0 0
341 18 1 1 1 0 0 0 0 0 0 0 0 0
344 36 0 0 0 0 0 0 0 0 15 9 0 0
345 96 0 0 0 0 0 0 0 0 24 10 0 0
346 48 1 1 24 0 0 12 0 0 0 0 0 0
348 9 0 0 0 0 0 0 0 0 3 2 0 0
351 3 1 1 1 0 0 0 0 0 0 0 0 0
352 2 0 0 0 0 0 0 0 0 0 0 0 0
353 14 0 0 1 0 0 0 0 0 3 0 0 0
355 6 0 0 0 0 0 0 0 0 2 1 0 0
356 2 0 0 2 0 0 0 0 0 0 0 0 0
358 1 0 0 1 0 0 0 0 0 0 0 0 0
359 4 1 1 0 0 0 2 0 0 0 0 0 0
366 19 0 0 6 0 0 4 0 0 0 0 0 0
367 4 0 0 0 0 0 0 0 0 0 0 0 0
369 8 0 0 0 0 0 0 0 0 4 3 0 0
372 2 0 0 2 0 0 0 0 0 0 0 0 0
373 4 0 0 1 0 0 1 0 0 0 0 0 0
378 9 0 0 8 0 0 0 0 0 0 0 0 0
fn=copy_hwcaps.isra.1
72 14 1 1 0 0 0 8 0 0 0 0 0 0
77 12 0 0 0 0 0 3 1 1 3 1 0 0
79 3 0 0 2 0 0 1 0 0 0 0 0 0
80 9 1 1 2 0 0 4 1 1 0 0 0 0
84 1 0 0 0 0 0 1 0 0 0 0 0 0
85 1 0 0 1 0 0 0 0 0 0 0 0 0
86 3 0 0 1 0 0 1 0 0 0 0 0 0
87 2 0 0 0 0 0 1 0 0 0 0 0 0
88 2 0 0 0 0 0 1 0 0 0 0 0 0
90 12 0 0 10 0 0 0 0 0 0 0 0 0
fn=update_hwcaps_counts
49 8 1 1 0 0 0 4 0 0 0 0 0 0
52 12 0 0 0 0 0 3 1 1 3 1 0 0
54 1 0 0 1 0 0 0 0 0 0 0 0 0
55 2 0 0 2 0 0 0 0 0 0 0 0 0
56 2 0 0 1 0 0 0 0 0 1 1 0 0
57 2 0 0 0 0 0 1 0 0 0 0 0 0
59 8 0 0 6 0 0 0 0 0 0 0 0 0
fl=/usr/src/debug/glibc-2.28-189.el8.x86_64/elf/dl-hwcaps_split.c
fn=_dl_hwcaps_contains
66 3 1 1 0 0 0 0 0 0 0 0 0 0
67 6 0 0 0 0 0 0 0 0 3 2 0 0
68 3 0 0 0 0 0 0 0 0 0 0 0 0
77 3 0 0 3 0 0 0 0 0 0 0 0 0
fn=_dl_hwcaps_split
25 1 0 0 0 0 0 0 0 0 0 0 0 0
26 3 0 0 1 0 0 0 0 0 1 1 0 0
47 2 0 0 1 0 0 0 0 0 0 0 0 0
fn=_dl_hwcaps_split.part.1
24 36 1 1 0 0 0 24 0 0 0 0 0 0
34 84 0 0 30 1 1 0 0 0 18 6 0 0
35 12 0 0 0 0 0 6 0 0 0 0 0 0
36 33 1 1 0 0 0 0 0 0 12 3 0 0
37 12 0 0 0 0 0 0 0 0 0 0 0 0
41 27 0 0 0 0 0 9 0 0 0 0 0 0
42 18 0 0 0 0 0 0 0 0 9 3 0 0
43 9 0 0 0 0 0 6 0 0 0 0 0 0
45 12 0 0 0 0 0 6 0 0 0 0 0 0
46 9 1 1 0 0 0 0 0 0 0 0 0 0
47 48 0 0 36 0 0 0 0 0 0 0 0 0
fn=_dl_hwcaps_split_masked
26 42 0 0 14 0 0 0 0 0 14 2 0 0
30 36 0 0 12 0 0 12 0 0 0 0 0 0
34 12 0 0 0 0 0 12 0 0 0 0 0 0
51 24 1 1 0 0 0 8 0 0 0 0 0 0
54 24 0 0 0 0 0 0 0 0 12 3 0 0
55 5 1 1 0 0 0 0 0 0 0 0 0 0
56 9 0 0 9 0 0 0 0 0 0 0 0 0
57 27 0 0 0 0 0 9 0 0 0 0 0 0
58 36 0 0 9 0 0 3 0 0 12 4 0 0
62 16 0 0 16 0 0 0 0 0 0 0 0 0
fl=/usr/src/debug/glibc-2.28-189.el8.x86_64/elf/dl-init.c
fn=_dl_init
30 20 2 2 5 0 0 1 0 0 5 1 0 0
79 12 1 1 0 0 0 6 0 0 0 0 0 0
80 1 0 0 1 1 0 0 0 0 0 0 0 0
81 1 0 0 1 0 0 0 0 0 0 0 0 0
84 3 1 1 1 0 0 0 0 0 1 1 0 0
87 2 0 0 0 0 0 1 0 0 0 0 0 0
92 2 0 0 0 0 0 0 0 0 1 1 0 0
117 1 0 0 1 0 0 0 0 0 0 0 0 0
118 18 0 0 0 0 0 3 0 0 5 3 0 0
119 12 0 0 8 0 0 0 0 0 0 0 0 0
122 2 0 0 0 0 0 1 0 0 0 0 0 0
123 8 0 0 7 0 0 0 0 0 0 0 0 0
fn=call_init.part.0
28 24 0 0 0 0 0 15 0 0 0 0 0 0
36 12 2 2 4 0 0 4 0 0 0 0 0 0
39 16 0 0 8 4 0 0 0 0 4 1 0 0
40 3 1 1 1 0 0 0 0 0 1 0 0 0
44 12 0 0 3 2 0 0 0 0 3 1 0 0
45 3 0 0 1 0 0 0 0 0 1 1 0 0
49 4 0 0 2 0 0 0 0 0 2 0 0 0
58 14 1 1 6 3 0 2 0 0 0 0 2 2
62 4 0 0 0 0 0 0 0 0 2 0 0 0
68 6 0 0 4 0 0 0 0 0 0 0 0 0
70 4 0 0 4 0 0 0 0 0 0 0 0 0
71 16 0 0 0 0 0 0 0 0 4 0 0 0
72 8 1 1 2 2 0 2 0 0 0 0 2 2
74 18 0 0 18 0 0 0 0 0 0 0 0 0
fl=/usr/src/debug/glibc-2.28-189.el8.x86_64/elf/dl-load.c
fn=_dl_dst_count
236 18 1 1 0 0 0 15 2 2 0 0 0 0
239 6 0 0 0 0 0 3 0 0 0 0 0 0
242 6 0 0 0 0 0 0 0 0 3 0 0 0
243 3 0 0 0 0 0 0 0 0 0 0 0 0
262 21 0 0 18 0 0 0 0 0 0 0 0 0
fn=_dl_init_paths
688 11 1 1 0 0 0 5 0 0 0 0 0 0
702 4 0 0 0 0 0 2 0 0 0 0 0 0
707 1 0 0 0 0 0 1 0 0 0 0 0 0
709 2 0 0 0 0 0 0 0 0 1 0 0 0
716 5 1 1 0 0 0 0 0 0 0 0 0 0
717 2 0 0 1 0 0 0 0 0 0 0 0 0
721 4 0 0 0 0 0 1 1 1 0 0 0 0
723 4 0 0 2 0 0 0 0 0 1 0 0 0
729 1 0 0 0 0 0 1 0 0 0 0 0 0
730 1 0 0 0 0 0 1 0 0 0 0 0 0
738 3 0 0 0 0 0 2 0 0 0 0 0 0
740 3 0 0 0 0 0 2 1 1 0 0 0 0
741 2 0 0 0 0 0 2 1 1 0 0 0 0
743 4 1 1 0 0 0 2 0 0 0 0 0 0
744 2 1 1 0 0 0 2 0 0 0 0 0 0
749 61 1 1 1 0 0 0 0 0 19 16 0 0
750 18 0 0 0 0 0 18 1 1 0 0 0 0
752 4 0 0 0 0 0 2 0 0 0 0 0 0
758 1 1 1 0 0 0 1 0 0 0 0 0 0
759 1 0 0 0 0 0 1 0 0 0 0 0 0
764 1 0 0 1 0 0 0 0 0 0 0 0 0
767 3 0 0 0 0 0 0 0 0 0 0 0 0
769 4 0 0 1 0 0 0 0 0 1 0 0 0
771 3 0 0 1 0 0 0 0 0 1 1 0 0
788 2 0 0 0 0 0 1 0 0 0 0 0 0
790 3 1 1 1 0 0 0 0 0 1 1 0 0
804 2 1 1 0 0 0 1 0 0 0 0 0 0
807 2 1 1 0 0 0 0 0 0 1 1 0 0
838 1 1 1 0 0 0 1 0 0 0 0 0 0
839 7 0 0 6 0 0 0 0 0 0 0 0 0
fn=_dl_map_object
664 9 2 2 3 0 0 0 0 0 3 3 0 0
1967 30 1 1 0 0 0 24 5 5 0 0 0 0
1969 2 0 0 0 0 0 2 0 0 0 0 0 0
1975 6 0 0 0 0 0 0 0 0 3 0 0 0
1976 12 1 1 3 0 0 0 0 0 3 0 0 0
1979 48 0 0 9 0 0 3 0 0 9 2 0 0
1984 49 1 1 7 0 0 0 0 0 7 0 0 0
1986 35 0 0 0 0 0 7 0 0 7 1 0 0
1990 12 0 0 6 0 0 0 0 0 6 0 0 0
1991 18 0 0 6 0 0 0 0 0 6 4 0 0
1994 2 1 1 2 0 0 0 0 0 0 0 0 0
1995 6 0 0 4 0 0 0 0 0 0 0 0 0
1996 10 0 0 0 0 0 2 0 0 2 2 0 0
2009 12 0 0 2 0 0 2 0 0 2 0 0 0
2019 6 1 1 2 0 0 0 0 0 2 0 0 0
2053 2 0 0 0 0 0 2 2 2 0 0 0 0
2055 10 0 0 0 0 0 2 0 0 2 1 0 0
2059 4 1 1 0 0 0 2 0 0 0 0 0 0
2061 2 0 0 1 0 0 0 0 0 1 0 0 0
2068 4 1 1 1 0 0 0 0 0 2 1 0 0
2072 5 2 2 1 0 0 2 0 0 0 0 0 0
2073 2 0 0 0 0 0 1 0 0 0 0 0 0
2077 3 0 0 1 0 0 0 0 0 1 1 0 0
2078 4 1 1 2 0 0 0 0 0 0 0 0 0
2080 7 0 0 0 0 0 3 0 0 0 0 0 0
2092 2 1 1 0 0 0 0 0 0 1 0 0 0
2093 8 0 0 3 0 0 1 0 0 2 0 0 0
2094 1 0 0 0 0 0 0 0 0 0 0 0 0
2103 2 1 1 1 0 0 0 0 0 1 1 0 0
2110 2 1 1 0 0 0 0 0 0 1 1 0 0
2111 1 0 0 0 0 0 0 0 0 0 0 0 0
2119 1 0 0 0 0 0 1 0 0 0 0 0 0
2133 2 0 0 0 0 0 0 0 0 1 0 0 0
2135 3 0 0 1 0 0 0 0 0 1 0 0 0
2139 3 0 0 0 0 0 1 0 0 0 0 0 0
2141 2 1 1 0 0 0 0 0 0 1 0 0 0
2145 2 0 0 0 0 0 0 0 0 1 0 0 0
2153 3 0 0 1 0 0 0 0 0 1 0 0 0
2176 9 0 0 0 0 0 2 0 0 0 0 0 0
2180 3 1 1 1 0 0 0 0 0 1 0 0 0
2181 2 0 0 0 0 0 1 0 0 0 0 0 0
2198 2 1 1 1 0 0 0 0 0 1 0 0 0
2204 1 0 0 0 0 0 1 0 0 0 0 0 0
2205 3 0 0 0 0 0 1 0 0 0 0 0 0
2206 2 0 0 0 0 0 0 0 0 1 0 0 0
2207 3 1 1 0 0 0 0 0 0 1 0 0 0
2211 8 0 0 0 0 0 1 0 0 0 0 0 0
2214 2 0 0 0 0 0 0 0 0 1 0 0 0
2226 8 0 0 2 0 0 0 0 0 0 0 0 0
2228 4 0 0 0 0 0 0 0 0 1 0 0 0
2272 4 1 1 2 0 0 2 0 0 0 0 0 0
2273 30 1 1 6 0 0 10 0 0 0 0 0 0
2275 29 1 1 23 0 0 0 0 0 0 0 0 0
fn=_dl_map_object_from_fd
877 30 1 1 0 0 0 20 2 2 0 0 0 0
887 8 1 1 2 0 0 4 2 2 0 0 0 0
888 4 0 0 0 0 0 2 0 0 0 0 0 0
904 33 1 1 13 0 0 0 0 0 7 4 0 0
905 10 0 0 5 0 0 0 0 0 5 0 0 0
922 4 1 1 2 0 0 0 0 0 2 0 0 0
946 8 0 0 2 0 0 2 0 0 2 0 0 0
956 4 0 0 2 0 0 0 0 0 2 0 0 0
978 8 1 1 4 0 0 0 0 0 2 2 0 0
1011 4 2 2 0 0 0 0 0 0 2 0 0 0
1014 16 1 1 10 0 0 2 0 0 0 0 0 0
1015 4 0 0 0 0 0 0 0 0 2 0 0 0
1026 4 0 0 2 0 0 2 1 1 0 0 0 0
1027 8 1 1 4 0 0 4 0 0 0 0 0 0
1028 4 0 0 2 0 0 2 0 0 0 0 0 0
1030 6 0 0 0 0 0 0 0 0 0 0 0 0
1031 8 0 0 4 0 0 0 0 0 2 0 0 0
1032 2 0 0 0 0 0 0 0 0 0 0 0 0
1047 2 0 0 0 0 0 2 0 0 0 0 0 0
1049 2 0 0 0 0 0 2 0 0 0 0 0 0
1051 38 2 2 4 0 0 4 0 0 4 1 0 0
1052 2 0 0 0 0 0 0 0 0 0 0 0 0
1053 2 0 0 0 0 0 2 0 0 0 0 0 0
1059 159 1 1 21 0 0 0 0 0 23 2 0 0
1060 175 2 2 21 3 3 0 0 0 87 26 0 0
1066 4 1 1 2 0 0 0 0 0 2 0 0 0
1071 4 0 0 2 0 0 2 0 0 0 0 0 0
1072 12 1 1 4 0 0 2 0 0 0 0 0 0
1077 2 0 0 1 0 0 1 0 0 0 0 0 0
1078 1 0 0 0 0 0 0 0 0 0 0 0 0
1083 20 1 1 8 0 0 0 0 0 4 0 0 0
1088 28 0 0 8 0 0 0 0 0 4 0 0 0
1095 16 1 1 8 0 0 0 0 0 4 0 0 0
1106 8 0 0 0 0 0 0 0 0 0 0 0 0
1107 24 0 0 0 0 0 4 2 2 0 0 0 0
1108 16 0 0 0 0 0 4 0 0 0 0 0 0
1109 4 1 1 0 0 0 4 2 2 0 0 0 0
1110 12 0 0 8 0 0 4 0 0 0 0 0 0
1111 8 0 0 0 0 0 4 1 1 0 0 0 0
1115 8 0 0 0 0 0 0 0 0 4 2 0 0
1116 12 0 0 6 0 0 2 0 0 0 0 0 0
1120 8 0 0 0 0 0 0 0 0 0 0 0 0
1121 32 1 1 8 0 0 4 0 0 0 0 0 0
1131 4 0 0 0 0 0 0 0 0 0 0 0 0
1134 3 0 0 1 1 1 0 0 0 1 0 0 0
1138 1 0 0 0 0 0 1 1 1 0 0 0 0
1139 2 0 0 1 0 0 1 1 1 0 0 0 0
1140 3 0 0 1 0 0 0 0 0 1 0 0 0
1143 3 1 1 0 0 0 1 0 0 0 0 0 0
1144 2 0 0 1 0 0 1 0 0 0 0 0 0
1147 1 0 0 0 0 0 1 0 0 0 0 0 0
1152 4 0 0 1 0 0 0 0 0 1 1 0 0
1159 12 0 0 2 0 0 4 0 0 0 0 0 0
1167 4 1 1 2 0 0 2 0 0 0 0 0 0
1168 2 0 0 0 0 0 0 0 0 0 0 0 0
1171 4 1 1 2 0 0 2 1 1 0 0 0 0
1172 4 0 0 2 0 0 2 0 0 0 0 0 0
1173 2 0 0 0 0 0 0 0 0 0 0 0 0
1176 28 0 0 4 0 0 4 1 1 4 2 0 0
1184 4 0 0 0 0 0 0 0 0 2 0 0 0
1197 4 0 0 0 0 0 0 0 0 2 0 0 0
1207 20 0 0 8 0 0 4 0 0 0 0 0 0
1219 8 1 1 4 0 0 0 0 0 2 0 0 0
1228 6 0 0 2 0 0 2 0 0 0 0 0 0
1235 4 1 1 0 0 0 0 0 0 2 2 0 0
1236 4 1 1 0 0 0 0 0 0 2 0 0 0
1256 6 0 0 2 0 0 0 0 0 2 0 0 0
1275 4 0 0 2 0 0 2 0 0 0 0 0 0
1277 10 0 0 4 0 0 0 0 0 2 0 0 0
1325 6 1 1 2 1 1 0 0 0 2 1 0 0
1326 2 0 0 1 0 0 1 0 0 0 0 0 0
1329 8 0 0 2 0 0 2 0 0 2 0 0 0
1338 4 0 0 2 0 0 0 0 0 2 0 0 0
1340 8 0 0 4 0 0 2 0 0 0 0 0 0
1342 4 1 1 2 0 0 0 0 0 2 0 0 0
1358 4 0 0 0 0 0 2 0 0 0 0 0 0
1362 4 0 0 2 0 0 0 0 0 2 0 0 0
1363 4 0 0 2 0 0 0 0 0 2 0 0 0
1380 4 0 0 2 0 0 0 0 0 2 1 0 0
1381 1 0 0 0 0 0 1 0 0 0 0 0 0
1384 6 0 0 2 0 0 4 0 0 0 0 0 0
1389 4 1 1 2 0 0 0 0 0 2 0 0 0
1399 4 0 0 2 0 0 0 0 0 2 0 0 0
1406 16 1 1 6 0 0 0 0 0 2 2 0 0
1407 6 1 1 2 0 0 0 0 0 2 1 0 0
1408 18 0 0 21 3 3 0 0 0 21 10 0 0
1409 2 0 0 2 0 0 0 0 0 0 0 0 0
1410 2 1 1 0 0 0 1 0 0 0 0 0 0
1416 4 0 0 2 0 0 0 0 0 2 1 0 0
1417 4 0 0 1 0 0 0 0 0 1 0 0 0
1422 2 0 0 0 0 0 1 0 0 0 0 0 0
1429 6 0 0 2 0 0 2 0 0 0 0 0 0
1433 6 1 1 2 0 0 0 0 0 2 2 0 0
1452 18 0 0 14 0 0 0 0 0 0 0 0 0
fn=expand_dynamic_string_token
383 7 1 1 0 0 0 4 0 0 0 0 0 0
393 2 0 0 0 0 0 1 0 0 0 0 0 0
396 2 0 0 0 0 0 0 0 0 1 0 0 0
397 2 0 0 0 0 0 0 0 0 0 0 0 0
408 5 1 1 4 0 0 0 0 0 0 0 0 0
fn=open_verify.constprop.9
1505 24 1 1 0 0 0 14 0 0 0 0 0 0
1544 6 0 0 2 0 0 0 0 0 2 2 0 0
1575 10 1 1 0 0 0 2 0 0 0 0 0 0
1577 4 0 0 0 0 0 0 0 0 2 0 0 0
1582 12 0 0 0 0 0 2 0 0 0 0 0 0
1588 2 0 0 0 0 0 2 0 0 0 0 0 0
1589 6 0 0 0 0 0 2 1 1 0 0 0 0
1590 2 0 0 0 0 0 2 0 0 0 0 0 0
1594 14 1 1 2 0 0 2 0 0 0 0 0 0
1596 4 0 0 0 0 0 0 0 0 2 0 0 0
1598 4 0 0 2 0 0 2 0 0 0 0 0 0
1600 4 0 0 0 0 0 0 0 0 2 0 0 0
1606 4 0 0 0 0 0 0 0 0 2 0 0 0
1622 34 3 3 19 1 1 0 0 0 11 4 0 0
1681 4 0 0 2 0 0 0 0 0 2 0 0 0
1686 4 0 0 2 0 0 0 0 0 2 0 0 0
1688 8 1 1 2 0 0 0 0 0 2 0 0 0
1694 4 0 0 2 1 1 0 0 0 2 0 0 0
1700 10 1 1 2 1 1 0 0 0 0 0 0 0
1701 8 0 0 2 0 0 0 0 0 2 0 0 0
1702 4 0 0 2 0 0 0 0 0 0 0 0 0
1723 92 0 0 0 0 0 0 0 0 16 1 0 0
1724 48 1 1 21 12 12 0 0 0 18 12 0 0
1737 9 0 0 0 0 0 0 0 0 3 0 0 0
1740 12 1 1 6 0 0 0 0 0 3 2 0 0
1741 10 2 2 4 0 0 0 0 0 0 0 0 0
1746 2 0 0 0 0 0 0 0 0 1 0 0 0
1747 16 1 1 1 0 0 0 0 0 2 1 0 0
1757 6 0 0 0 0 0 4 0 0 0 0 0 0
1758 10 0 0 4 0 0 1 0 0 1 0 0 0
1765 24 1 1 16 2 2 0 0 0 4 4 0 0
1767 3 0 0 0 0 0 0 0 0 0 0 0 0
1768 36 2 2 6 0 0 0 0 0 0 0 0 0
1771 9 0 0 0 0 0 0 0 0 3 2 0 0
1776 1 0 0 0 0 0 0 0 0 0 0 0 0
1777 4 1 1 0 0 0 0 0 0 0 0 0 0
1780 2 0 0 0 0 0 0 0 0 1 0 0 0
1783 2 0 0 1 0 0 0 0 0 0 0 0 0
1784 4 0 0 1 0 0 0 0 0 0 0 0 0
1785 1 0 0 1 0 0 0 0 0 0 0 0 0
1786 4 0 0 1 0 0 0 0 0 1 0 0 0
1787 3 1 1 1 0 0 0 0 0 1 1 0 0
1801 18 0 0 14 0 0 0 0 0 0 0 0 0
fl=/usr/src/debug/glibc-2.28-189.el8.x86_64/elf/dl-lookup-direct.c
fn=_dl_lookup_direct
74 13 1 1 1 0 0 7 0 0 0 0 0 0
75 1 0 0 1 0 0 0 0 0 0 0 0 0
76 2 0 0 0 0 0 0 0 0 1 0 0 0
78 6 1 1 2 1 0 0 0 0 0 0 0 0
79 2 0 0 0 0 0 0 0 0 1 0 0 0
81 4 0 0 1 0 0 1 0 0 0 0 0 0
84 5 0 0 1 1 1 0 0 0 1 0 0 0
86 3 0 0 1 0 0 0 0 0 0 0 0 0
87 6 1 1 1 0 0 1 0 0 0 0 0 0
90 2 0 0 0 0 0 0 0 0 1 1 0 0
115 1 0 0 0 0 0 0 0 0 0 0 0 0
116 9 0 0 7 0 0 0 0 0 0 0 0 0
fn=check_match
31 5 1 1 0 0 0 5 0 0 0 0 0 0
32 1 0 0 1 0 0 0 0 0 0 0 0 0
33 4 0 0 1 0 0 0 0 0 0 0 0 0
35 2 0 0 1 1 1 0 0 0 0 0 0 0
36 2 0 0 1 0 0 0 0 0 1 0 0 0
48 4 0 0 1 0 0 1 0 0 1 0 0 0
51 1 0 0 1 0 0 0 0 0 0 0 0 0
53 8 1 1 2 0 0 1 0 0 1 0 0 0
57 2 0 0 2 1 0 0 0 0 0 0 0 0
58 6 0 0 2 0 0 0 0 0 1 0 0 0
59 3 1 1 1 0 0 1 0 0 0 0 0 0
61 3 0 0 0 0 0 0 0 0 0 0 0 0
64 7 0 0 6 0 0 0 0 0 0 0 0 0
fl=/usr/src/debug/glibc-2.28-189.el8.x86_64/elf/dl-lookup.c
fn=_dl_lookup_symbol_x
575 244 0 0 0 0 0 0 0 0 0 0 0 0
576 6934 0 0 1703 111 99 0 0 0 1703 176 0 0
577 6324 1 1 0 0 0 0 0 0 0 0 0 0
592 222 1 1 0 0 0 0 0 0 111 7 0 0
835 1708 2 2 0 0 0 976 12 0 0 0 0 0
837 244 0 0 0 0 0 122 1 0 0 0 0 0
838 244 0 0 0 0 0 244 1 0 0 0 0 0
841 122 0 0 122 5 0 0 0 0 0 0 0 0
845 460 1 1 108 0 0 0 0 0 230 9 0 0
847 976 2 1 244 0 0 366 1 0 0 0 0 0
848 610 0 0 488 8 0 0 0 0 122 0 0 0
854 310 0 0 22 0 0 0 0 0 133 4 0 0
855 2063 1 1 721 0 0 854 5 0 122 2 0 0
860 244 0 0 122 0 0 0 0 0 122 2 0 0
862 66 1 1 11 0 0 0 0 0 22 2 0 0
879 11 1 1 0 0 0 11 0 0 0 0 0 0
880 22 1 1 0 0 0 0 0 0 0 0 0 0
884 872 0 0 218 0 0 0 0 0 218 5 0 0
924 444 1 1 111 0 0 0 0 0 0 0 0 0
938 333 0 0 111 6 1 0 0 0 111 1 0 0
939 2 0 0 0 0 0 1 0 0 0 0 0 0
941 333 0 0 111 0 0 0 0 0 111 0 0 0
946 222 0 0 111 0 0 111 0 0 0 0 0 0
948 1098 1 1 854 0 0 0 0 0 0 0 0 0
fn=_dl_setup_hash
955 4 1 1 0 0 0 0 0 0 0 0 0 0
958 12 0 0 4 0 0 0 0 0 4 0 0 0
960 4 0 0 4 0 0 0 0 0 0 0 0 0
962 8 0 0 4 4 4 4 1 1 0 0 0 0
963 4 0 0 4 0 0 0 0 0 0 0 0 0
964 4 0 0 4 0 0 0 0 0 0 0 0 0
966 12 0 0 0 0 0 0 0 0 4 0 0 0
967 4 0 0 0 0 0 4 0 0 0 0 0 0
968 12 0 0 4 0 0 4 0 0 0 0 0 0
970 4 0 0 0 0 0 4 0 0 0 0 0 0
971 8 1 1 0 0 0 0 0 0 0 0 0 0
973 4 0 0 0 0 0 4 0 0 0 0 0 0
975 12 0 0 0 0 0 4 0 0 0 0 0 0
980 4 0 0 4 0 0 0 0 0 0 0 0 0
fn=check_match
69 999 2 1 333 35 13 444 3 1 0 0 0 0
72 777 1 1 111 17 11 0 0 0 222 1 0 0
77 111 0 0 0 0 0 0 0 0 0 0 0 0
85 888 0 0 111 0 0 111 7 1 111 0 0 0
88 432 0 0 84 0 0 42 1 0 153 15 0 0
92 111 1 1 111 4 0 0 0 0 0 0 0 0
93 222 0 0 0 0 0 0 0 0 111 4 0 0
95 216 0 0 0 0 0 0 0 0 108 0 0 0
114 216 0 0 216 25 10 0 0 0 0 0 0 0
115 864 1 1 324 8 0 0 0 0 108 12 0 0
116 540 1 1 216 2 0 108 0 0 108 9 0 0
143 6 0 0 0 0 0 0 0 0 3 0 0 0
145 18 0 0 6 2 1 0 0 0 3 2 0 0
146 12 2 1 0 0 0 0 0 0 0 0 0 0
161 666 0 0 555 0 0 0 0 0 0 0 0 0
fn=do_lookup_x
288 666 2 2 444 0 0 0 0 0 0 0 0 0
319 25 1 1 20 0 0 0 0 0 0 0 0 0
362 1708 1 1 366 0 0 1220 12 1 0 0 0 0
363 122 2 1 122 5 0 0 0 0 0 0 0 0
368 122 0 0 0 0 0 0 0 0 0 0 0 0
369 122 0 0 122 0 0 0 0 0 0 0 0 0
373 776 1 1 776 20 0 0 0 0 0 0 0 0
376 776 0 0 0 0 0 0 0 0 388 2 0 0
380 1552 0 0 0 0 0 388 1 0 388 8 0 0
384 776 1 1 388 15 0 0 0 0 388 0 0 0
388 776 0 0 388 4 0 0 0 0 388 6 0 0
394 1164 0 0 388 6 0 0 0 0 388 0 0 0
398 388 0 0 0 0 0 388 0 0 0 0 0 0
399 388 0 0 0 0 0 388 0 0 0 0 0 0
402 1164 0 0 776 24 0 388 0 0 0 0 0 0
403 1164 1 1 776 10 0 388 0 0 0 0 0 0
406 388 0 0 388 0 0 0 0 0 0 0 0 0
407 776 0 0 0 0 0 0 0 0 388 2 0 0
409 388 0 0 388 66 33 0 0 0 0 0 0 0
410 366 0 0 0 0 0 122 0 0 0 0 0 0
411 776 0 0 776 0 0 0 0 0 0 0 0 0
414 1940 0 0 776 0 0 0 0 0 0 0 0 0
417 2716 0 0 0 0 0 0 0 0 388 121 0 0
420 232 0 0 232 63 43 0 0 0 0 0 0 0
421 348 1 1 0 0 0 0 0 0 0 0 0 0
422 232 0 0 0 0 0 0 0 0 116 0 0 0
424 232 0 0 116 0 0 0 0 0 0 0 0 0
427 1130 0 0 226 81 59 0 0 0 226 81 0 0
429 333 0 0 111 0 0 0 0 0 0 0 0 0
430 2714 2 2 666 0 0 1130 5 1 0 0 0 0
431 222 0 0 0 0 0 0 0 0 0 0 0 0
434 333 1 1 0 0 0 0 0 0 111 9 0 0
437 345 0 0 0 0 0 0 0 0 115 6 0 0
445 610 1 1 0 0 0 122 0 0 0 0 0 0
468 10 1 1 5 0 0 0 0 0 5 3 0 0
476 222 1 1 111 0 0 0 0 0 111 0 0 0
527 222 0 0 0 0 0 0 0 0 111 0 0 0
530 804 1 1 111 0 0 0 0 0 291 21 0 0
534 63 2 1 21 3 0 0 0 0 21 3 0 0
546 222 0 0 111 0 0 111 0 0 0 0 0 0
547 111 0 0 0 0 0 111 0 0 0 0 0 0
548 111 0 0 0 0 0 0 0 0 0 0 0 0
565 831 0 0 0 0 0 0 0 0 277 11 0 0
568 11 0 0 0 0 0 0 0 0 0 0 0 0
569 976 0 0 854 0 0 0 0 0 0 0 0 0
fl=/usr/src/debug/glibc-2.28-189.el8.x86_64/elf/dl-minimal.c
fn=__rtld_malloc_init_real
89 8 1 1 0 0 0 5 0 0 0 0 0 0
99 2 0 0 0 0 0 1 0 0 0 0 0 0
100 2 0 0 0 0 0 1 0 0 0 0 0 0
102 1 0 0 0 0 0 1 0 0 0 0 0 0
104 6 1 1 0 0 0 1 0 0 0 0 0 0
105 5 0 0 0 0 0 1 0 0 0 0 0 0
106 5 0 0 0 0 0 1 0 0 0 0 0 0
107 4 1 1 0 0 0 1 0 0 0 0 0 0
112 1 0 0 0 0 0 1 1 0 0 0 0 0
113 1 0 0 0 0 0 1 0 0 0 0 0 0
114 1 0 0 0 0 0 1 0 0 0 0 0 0
115 1 0 0 0 0 0 1 0 0 0 0 0 0
116 7 0 0 6 0 0 0 0 0 0 0 0 0
fn=__rtld_malloc_init_stubs
55 1 1 1 0 0 0 0 0 0 0 0 0 0
56 2 1 1 0 0 0 1 0 0 0 0 0 0
57 2 0 0 0 0 0 1 0 0 0 0 0 0
58 2 0 0 0 0 0 1 0 0 0 0 0 0
59 2 0 0 0 0 0 1 0 0 0 0 0 0
60 1 0 0 1 0 0 0 0 0 0 0 0 0
fn=lookup_malloc_symbol
74 40 1 1 0 0 0 24 0 0 0 0 0 0
76 4 0 0 0 0 0 4 0 0 0 0 0 0
77 28 0 0 4 0 0 12 0 0 0 0 0 0
81 28 1 1 16 0 0 0 0 0 4 0 0 0
82 28 0 0 12 0 0 0 0 0 4 0 0 0
85 32 1 1 28 0 0 0 0 0 0 0 0 0
fn=rtld_calloc
171 16 1 1 0 0 0 0 0 0 0 0 0 0
175 8 0 0 0 0 0 0 0 0 0 0 0 0
178 16 0 0 0 0 0 0 0 0 0 0 0 0
179 24 0 0 0 0 0 0 0 0 8 8 0 0
fn=rtld_free
188 2 0 0 0 0 0 0 0 0 0 0 0 0
190 8 0 0 4 0 0 0 0 0 2 0 0 0
fn=rtld_malloc
128 23 1 1 0 0 0 2 1 1 0 0 0 0
129 79 0 0 39 0 0 0 0 0 20 1 0 0
134 3 0 0 0 0 0 1 0 0 0 0 0 0
135 2 1 1 1 0 0 0 0 0 0 0 0 0
136 2 1 1 0 0 0 0 0 0 0 0 0 0
140 60 0 0 0 0 0 20 0 0 0 0 0 0
143 136 1 1 0 0 0 0 0 0 39 18 0 0
148 4 0 0 1 0 0 0 0 0 0 0 0 0
149 4 0 0 0 0 0 0 0 0 1 0 0 0
151 2 0 0 0 0 0 0 0 0 0 0 0 0
152 7 1 1 0 0 0 1 0 0 0 0 0 0
154 2 0 0 0 0 0 0 0 0 1 0 0 0
156 3 0 0 1 0 0 0 0 0 1 0 0 0
158 3 0 0 0 0 0 1 0 0 0 0 0 0
161 20 0 0 0 0 0 20 0 0 0 0 0 0
162 20 0 0 0 0 0 20 0 0 0 0 0 0
164 43 0 0 22 0 0 0 0 0 0 0 0 0
fl=/usr/src/debug/glibc-2.28-189.el8.x86_64/elf/dl-misc.c
fn=_dl_name_match_p
340 84 1 1 0 0 0 28 1 1 0 0 0 0
341 56 1 1 14 0 0 14 0 0 14 0 0 0
342 17 0 0 0 0 0 0 0 0 0 0 0 0
344 14 0 0 14 0 0 0 0 0 0 0 0 0
346 58 0 0 0 0 0 0 0 0 29 13 0 0
347 90 0 0 18 0 0 18 0 0 18 9 0 0
350 15 0 0 15 0 0 0 0 0 0 0 0 0
352 11 0 0 0 0 0 0 0 0 0 0 0 0
353 70 1 1 42 0 0 0 0 0 0 0 0 0
fn=_dl_sysdep_read_whole_file
44 9 1 1 0 0 0 4 0 0 0 0 0 0
47 3 1 1 0 0 0 1 1 1 0 0 0 0
48 2 0 0 0 0 0 0 0 0 1 1 0 0
50 7 1 1 0 0 0 1 0 0 1 0 0 0
52 2 0 0 1 1 1 1 0 0 0 0 0 0
55 2 0 0 0 0 0 0 0 0 1 1 0 0
57 8 1 1 0 0 0 1 0 0 0 0 0 0
68 3 0 0 0 0 0 1 0 0 0 0 0 0
71 7 0 0 5 0 0 0 0 0 0 0 0 0
fl=/usr/src/debug/glibc-2.28-189.el8.x86_64/elf/dl-object.c
fn=_dl_add_to_namespace_list
31 18 1 1 0 0 0 9 0 0 0 0 0 0
33 9 0 0 3 0 0 3 0 0 0 0 3 1
35 22 0 0 3 0 0 0 0 0 3 2 0 0
38 15 0 0 5 0 0 0 0 0 5 3 0 0
40 2 0 0 0 0 0 2 0 0 0 0 0 0
42 2 0 0 0 0 0 2 0 0 0 0 0 0
45 2 0 0 0 0 0 1 0 0 0 0 0 0
46 9 1 1 3 0 0 0 0 0 0 0 0 0
47 6 0 0 3 0 0 3 0 0 0 0 0 0
48 6 0 0 0 0 0 3 0 0 0 0 0 0
50 6 0 0 3 0 0 0 0 0 0 0 3 1
51 9 0 0 9 0 0 0 0 0 0 0 0 0
fn=_dl_new_object
59 45 1 1 0 0 0 27 5 5 0 0 0 0
62 9 2 1 0 0 0 3 0 0 3 1 0 0
64 2 1 1 0 0 0 0 0 0 1 0 0 0
65 2 0 0 0 0 0 0 0 0 1 0 0 0
69 7 1 1 0 0 0 1 0 0 0 0 0 0
74 1 0 0 0 0 0 0 0 0 0 0 0 0
77 19 1 1 4 0 0 5 0 0 0 0 0 0
92 6 0 0 0 0 0 0 0 0 3 0 0 0
95 3 0 0 0 0 0 3 2 2 0 0 0 0
96 9 1 1 3 0 0 3 3 3 0 0 0 0
100 6 0 0 0 0 0 3 1 1 0 0 0 0
101 21 0 0 9 0 0 9 1 1 0 0 0 0
103 3 0 0 0 0 0 3 0 0 0 0 0 0
116 14 0 0 5 0 0 0 0 0 5 3 0 0
122 1 1 1 0 0 0 0 0 0 0 0 0 0
124 21 1 0 6 3 3 6 1 1 0 0 0 0
127 6 0 0 3 0 0 0 0 0 3 3 0 0
128 8 1 1 2 0 0 3 3 3 0 0 0 0
129 3 0 0 0 0 0 3 0 0 0 0 0 0
133 3 0 0 0 0 0 3 0 0 0 0 0 0
136 59 1 1 0 0 0 0 0 0 19 12 0 0
138 16 0 0 0 0 0 16 4 4 0 0 0 0
146 6 0 0 0 0 0 3 1 1 0 0 0 0
147 3 1 1 0 0 0 3 3 3 0 0 0 0
150 1 1 1 0 0 0 0 0 0 0 0 0 0
152 18 0 0 3 1 1 0 0 0 3 1 0 0
154 6 0 0 0 0 0 2 2 2 0 0 0 0
157 8 0 0 0 0 0 0 0 0 3 2 0 0
161 6 0 0 2 0 0 0 0 0 2 0 0 0
165 10 0 0 0 0 0 0 0 0 4 4 0 0
167 1 1 1 0 0 0 0 0 0 0 0 0 0
173 1 0 0 0 0 0 1 0 0 0 0 0 0
176 6 0 0 0 0 0 3 0 0 0 0 0 0
186 9 0 0 3 0 0 0 0 0 3 1 0 0
188 10 0 0 0 0 0 6 0 0 0 0 0 0
192 6 0 0 0 0 0 0 0 0 2 0 0 0
197 6 0 0 0 0 0 0 0 0 2 0 0 0
205 2 0 0 0 0 0 0 0 0 0 0 0 0
209 2 1 1 0 0 0 0 0 0 0 0 0 0
242 48 0 0 2 0 0 2 0 0 0 0 0 0
247 42 0 0 0 0 0 0 0 0 0 0 0 0
248 84 0 0 42 0 0 0 0 0 42 17 0 0
250 4 0 0 0 0 0 0 0 0 0 0 0 0
253 2 0 0 0 0 0 2 0 0 0 0 0 0
256 2 0 0 0 0 0 2 0 0 0 0 0 0
260 27 0 0 21 0 0 0 0 0 0 0 0 0
fl=/usr/src/debug/glibc-2.28-189.el8.x86_64/elf/dl-open.c
fn=_dl_find_dso_for_object
212 6 1 1 0 0 0 4 0 0 0 0 0 0
216 5 0 0 1 0 0 0 0 0 1 0 0 0
217 10 0 0 3 0 0 0 0 0 3 2 0 0
218 12 1 1 6 0 0 0 0 0 6 2 0 0
219 2 0 0 1 0 0 0 0 0 1 1 0 0
222 2 1 1 1 0 0 0 0 0 1 0 0 0
226 7 0 0 5 0 0 0 0 0 0 0 0 0
fl=/usr/src/debug/glibc-2.28-189.el8.x86_64/elf/dl-reloc.c
fn=_dl_protect_relro
332 8 1 1 0 0 0 4 0 0 0 0 0 0
333 24 1 1 12 1 0 0 0 0 0 0 0 0
336 12 0 0 4 0 0 0 0 0 0 0 0 0
340 8 0 0 0 0 0 0 0 0 4 4 0 0
341 28 0 0 0 0 0 4 0 0 4 0 0 0
347 8 1 1 8 0 0 0 0 0 0 0 0 0
fn=_dl_relocate_object
167 52 2 2 0 0 0 32 0 0 0 0 0 0
177 4 0 0 0 0 0 0 0 0 0 0 0 0
178 28 1 1 0 0 0 12 0 0 0 0 0 0
182 8 0 0 0 0 0 0 0 0 4 0 0 0
183 20 0 0 4 1 0 4 0 0 0 0 0 0
189 8 1 1 4 0 0 0 0 0 4 0 0 0
195 20 0 0 8 0 0 0 0 0 4 3 0 0
196 8 1 1 4 3 0 0 0 0 4 2 0 0
197 2 0 0 0 0 0 0 0 0 0 0 0 0
199 8 0 0 0 0 0 0 0 0 4 0 0 0
206 16 1 1 4 0 0 4 0 0 4 0 0 0
250 12 0 0 8 0 0 4 0 0 0 0 0 0
278 174 5 5 67 10 0 35 0 0 28 11 0 0
281 12 1 1 4 0 0 0 0 0 4 0 0 0
305 4 0 0 4 0 0 0 0 0 0 0 0 0
308 8 0 0 4 0 0 0 0 0 4 0 0 0
325 8 0 0 4 2 0 0 0 0 4 3 0 0
326 8 1 1 0 0 0 4 0 0 0 0 0 0
327 32 1 1 28 1 0 0 0 0 0 0 0 0
fl=/usr/src/debug/glibc-2.28-189.el8.x86_64/elf/dl-sort-maps.c
fn=_dl_sort_maps
28 20 2 1 0 0 0 14 0 0 0 0 0 0
30 4 0 0 0 0 0 0 0 0 2 0 0 0
33 4 0 0 0 0 0 2 0 0 0 0 0 0
34 46 4 2 2 0 0 6 0 0 4 2 0 0
35 28 2 1 0 0 0 10 0 0 0 0 0 0
39 36 0 0 12 0 0 12 0 0 0 0 0 0
40 18 0 0 12 0 0 0 0 0 0 0 0 0
42 12 2 1 6 0 0 0 0 0 6 3 0 0
46 12 1 1 6 0 0 0 0 0 6 3 0 0
54 48 2 1 18 0 0 0 0 0 12 4 0 0
56 18 0 0 12 1 0 0 0 0 0 0 0 0
57 12 0 0 0 0 0 0 0 0 6 2 0 0
59 18 0 0 6 2 0 0 0 0 6 2 0 0
60 12 2 1 0 0 0 0 0 0 4 4 0 0
90 21 2 2 3 0 0 0 0 0 9 6 0 0
115 30 0 0 10 0 0 0 0 0 6 2 0 0
118 36 2 1 4 0 0 4 0 0 0 0 0 0
122 16 0 0 14 0 0 0 0 0 0 0 0 0
fl=/usr/src/debug/glibc-2.28-189.el8.x86_64/elf/dl-tunables.c
fn=__GI___tunables_init
69 500 1 1 100 0 0 0 0 0 200 7 0 0
72 99 0 0 0 0 0 0 0 0 0 0 0 0
75 10233 1 1 1476 46 46 0 0 0 1575 108 0 0
79 198 0 0 0 0 0 0 0 0 99 0 0 0
84 297 0 0 0 0 0 99 1 1 0 0 0 0
277 4 0 0 1 0 0 0 0 0 1 0 0 0
286 9 1 1 0 0 0 6 1 1 0 0 0 0
294 198 0 0 0 0 0 0 0 0 99 0 0 0
309 11583 1 1 0 0 0 0 0 0 2871 121 0 0
315 14355 1 1 5742 0 0 0 0 0 5742 1004 0 0
327 396 1 1 99 0 0 0 0 0 0 0 0 0
361 8 0 0 7 0 0 0 0 0 0 0 0 0
fn=__tunable_get_val
409 24 1 1 0 0 0 0 0 0 0 0 0 0
412 274 0 0 24 11 0 0 0 0 65 8 0 0
416 72 0 0 18 2 0 18 1 1 0 0 0 0
421 6 1 0 3 1 0 3 0 0 0 0 0 0
422 3 0 0 0 0 0 0 0 0 0 0 0 0
431 6 1 1 3 0 0 3 0 0 0 0 0 0
432 3 0 0 0 0 0 0 0 0 0 0 0 0
438 120 1 1 24 2 0 0 0 0 24 14 0 0
440 24 0 0 24 0 0 0 0 0 0 0 0 0
fl=/usr/src/debug/glibc-2.28-189.el8.x86_64/elf/dl-tunables.h
fn=__GI___tunables_init
124 4181 0 0 1942 8 8 0 0 0 971 7 0 0
125 4286 0 0 0 0 0 0 0 0 1070 83 0 0
fl=/usr/src/debug/glibc-2.28-189.el8.x86_64/elf/dl-version.c
fn=_dl_check_all_versions
362 6 1 1 0 0 0 4 0 0 0 0 0 0
364 2 0 0 0 0 0 0 0 0 0 0 0 0
366 17 1 1 4 0 0 0 0 0 5 3 0 0
368 40 0 0 4 0 0 4 0 0 4 0 0 0
371 7 0 0 5 0 0 0 0 0 0 0 0 0
fn=_dl_check_map_versions
37 24 1 1 4 0 0 0 0 0 7 2 0 0
38 5 0 0 5 0 0 0 0 0 0 0 0 0
39 35 0 0 0 0 0 7 0 0 7 2 0 0
57 10 1 1 10 0 0 0 0 0 0 0 0 0
65 15 0 0 5 0 0 0 0 0 5 0 0 0
71 15 0 0 5 0 0 0 0 0 5 0 0 0
87 5 0 0 5 0 0 0 0 0 0 0 0 0
88 10 0 0 0 0 0 0 0 0 5 0 0 0
90 5 0 0 5 0 0 0 0 0 0 0 0 0
95 103 1 1 39 7 7 5 0 0 39 8 0 0
109 78 0 0 39 2 2 0 0 0 39 5 0 0
111 5 1 1 5 0 0 0 0 0 0 0 0 0
114 42 0 0 12 0 0 5 0 0 5 0 0 0
121 102 0 0 34 4 4 0 0 0 34 0 0 0
125 34 0 0 0 0 0 0 0 0 0 0 0 0
143 10 0 0 0 0 0 6 0 0 0 0 0 0
156 32 2 2 0 0 0 24 0 0 0 0 0 0
157 4 1 1 0 0 0 4 0 0 0 0 0 0
165 4 1 1 0 0 0 0 0 0 0 0 0 0
171 12 0 0 4 0 0 0 0 0 4 0 0 0
173 12 0 0 4 0 0 8 0 0 0 0 0 0
175 8 0 0 4 0 0 4 0 0 0 0 0 0
176 16 0 0 4 0 0 8 0 0 0 0 0 0
178 8 1 1 0 0 0 0 0 0 4 2 0 0
181 6 0 0 4 0 0 2 0 0 0 0 0 0
185 10 0 0 2 2 2 0 0 0 2 0 0 0
201 6 0 0 6 0 0 0 0 0 0 0 0 0
209 6 1 1 2 0 0 0 0 0 2 0 0 0
210 2 1 1 0 0 0 0 0 0 0 0 0 0
214 6 0 0 4 1 1 0 0 0 0 0 0 0
218 60 0 0 41 0 0 5 0 0 5 2 0 0
220 5 0 0 5 1 1 0 0 0 0 0 0 0
222 13 1 1 5 0 0 5 0 0 0 0 0 0
225 20 1 1 5 0 0 0 0 0 0 0 0 0
228 15 0 0 5 0 0 0 0 0 5 2 0 0
233 3 0 0 0 0 0 0 0 0 0 0 0 0
237 8 0 0 4 0 0 0 0 0 2 2 0 0
251 13 0 0 4 0 0 0 0 0 4 2 0 0
254 8 0 0 6 0 0 0 0 0 0 0 0 0
257 140 0 0 35 5 5 0 0 0 0 0 0 0
260 105 0 0 35 1 1 0 0 0 35 14 0 0
264 33 0 0 0 0 0 0 0 0 0 0 0 0
268 6 1 1 0 0 0 0 0 0 3 0 0 0
273 3 1 1 0 0 0 3 0 0 0 0 0 0
274 6 0 0 0 0 0 0 0 0 0 0 0 0
275 6 0 0 0 0 0 0 0 0 3 0 0 0
285 3 0 0 0 0 0 3 0 0 0 0 0 0
288 9 0 0 6 1 0 3 0 0 0 0 0 0
290 9 0 0 3 0 0 0 0 0 3 1 0 0
293 6 0 0 6 0 0 0 0 0 0 0 0 0
297 6 1 1 2 0 0 0 0 0 0 0 0 0
300 15 0 0 5 0 0 0 0 0 0 0 0 0
302 15 0 0 0 0 0 0 0 0 5 0 0 0
304 25 0 0 5 0 0 5 0 0 0 0 0 0
305 15 0 0 0 0 0 5 2 2 0 0 0 0
306 15 1 1 5 0 0 5 1 1 0 0 0 0
307 15 0 0 5 0 0 5 1 1 0 0 0 0
310 15 0 0 5 0 0 0 0 0 5 3 0 0
315 3 0 0 0 0 0 0 0 0 0 0 0 0
318 6 0 0 2 0 0 0 0 0 2 2 0 0
328 9 1 1 3 0 0 0 0 0 3 1 0 0
331 8 0 0 6 0 0 0 0 0 0 0 0 0
335 33 0 0 33 0 0 0 0 0 0 0 0 0
337 70 0 0 35 0 0 0 0 0 35 2 0 0
341 33 0 0 33 0 0 0 0 0 0 0 0 0
342 165 0 0 33 0 0 33 9 9 0 0 0 0
343 99 0 0 33 0 0 33 0 0 0 0 0 0
344 33 0 0 0 0 0 33 4 4 0 0 0 0
347 107 0 0 35 0 0 0 0 0 35 9 0 0
351 33 0 0 0 0 0 0 0 0 0 0 0 0
357 36 1 1 32 0 0 0 0 0 0 0 0 0
fl=/usr/src/debug/glibc-2.28-189.el8.x86_64/elf/do-rel.h
fn=_dl_relocate_object
46 8 0 0 0 0 0 0 0 0 0 0 0 0
47 16 0 0 0 0 0 8 0 0 0 0 0 0
48 8 0 0 8 1 0 0 0 0 0 0 0 0
50 5 0 0 0 0 0 3 0 0 0 0 0 0
51 6 0 0 0 0 0 4 1 0 0 0 0 0
58 16 0 0 0 0 0 0 0 0 8 6 0 0
61 86 1 1 2 0 0 0 0 0 26 2 0 0
63 96 1 1 24 8 8 0 0 0 24 5 0 0
74 4 0 0 0 0 0 0 0 0 0 0 0 0
75 4 0 0 0 0 0 0 0 0 2 2 0 0
83 12 0 0 6 0 0 6 0 0 0 0 0 0
84 6 1 1 6 0 0 0 0 0 0 0 0 0
86 12 0 0 0 0 0 0 0 0 0 0 0 0
98 18 0 0 0 0 0 0 0 0 6 2 0 0
108 10 0 0 1 1 1 0 0 0 4 3 0 0
111 3649 1 1 0 0 0 0 0 0 1217 10 0 0
112 2426 0 0 1213 153 153 0 0 0 0 0 0 0
118 18 1 1 6 5 0 0 0 0 6 1 0 0
121 10 1 1 5 2 0 5 1 0 0 0 0 0
124 469 0 0 158 0 0 0 0 0 158 20 0 0
127 612 1 1 153 44 41 0 0 0 153 6 0 0
129 130 2 2 42 0 0 44 0 0 42 4 0 0
136 444 0 0 222 46 44 0 0 0 0 0 0 0
137 444 0 0 111 0 0 111 1 0 0 0 0 0
138 384 1 1 111 1 0 0 0 0 0 0 0 0
139 222 0 0 222 1 0 0 0 0 0 0 0 0
143 12 0 0 6 0 0 0 0 0 3 1 0 0
144 168 1 1 2 0 0 0 0 0 56 2 0 0
145 162 0 0 54 0 0 0 0 0 54 6 0 0
148 126 1 1 84 0 0 0 0 0 0 0 0 0
149 126 0 0 42 0 0 42 0 0 0 0 0 0
150 42 0 0 0 0 0 0 0 0 0 0 0 0
151 42 0 0 42 0 0 0 0 0 0 0 0 0
152 84 0 0 42 0 0 0 0 0 0 0 0 0
160 24 1 1 8 0 0 2 0 0 7 5 0 0
162 24 1 1 6 2 2 0 0 0 6 0 0 0
170 36 0 0 6 0 0 6 0 0 0 0 0 0
171 12 0 0 12 0 0 0 0 0 0 0 0 0
174 3 0 0 1 0 0 0 0 0 1 1 0 0
fn=_dl_start
83 1 0 0 1 0 0 0 0 0 0 0 0 0
84 1 0 0 1 0 0 0 0 0 0 0 0 0
111 138 1 1 0 0 0 0 0 0 46 6 0 0
112 90 0 0 45 6 6 0 0 0 0 0 0 0
116 2 0 0 1 0 0 0 0 0 1 0 0 0
124 21 0 0 0 0 0 0 0 0 7 6 0 0
136 18 0 0 6 2 2 0 0 0 0 0 0 0
137 12 0 0 0 0 0 0 0 0 0 0 0 0
139 12 0 0 6 0 0 0 0 0 0 0 0 0
fl=/usr/src/debug/glibc-2.28-189.el8.x86_64/elf/get-dynamic-info.h
fn=_dl_map_object_from_fd
42 4 0 0 0 0 0 0 0 0 2 0 0 0
46 2 1 1 0 0 0 0 0 0 0 0 0 0
48 144 0 0 48 14 14 0 0 0 48 2 0 0
50 92 1 1 0 0 0 0 0 0 46 20 0 0
63 46 0 0 0 0 0 0 0 0 11 7 0 0
64 75 0 0 0 0 0 44 11 11 0 0 0 0
65 8 0 0 0 0 0 0 0 0 2 2 0 0
67 2 0 0 0 0 0 0 0 0 0 0 0 0
68 10 0 0 0 0 0 0 0 0 2 2 0 0
70 2 0 0 0 0 0 0 0 0 0 0 0 0
71 8 1 1 0 0 0 0 0 0 2 0 0 0
72 2 0 0 0 0 0 0 0 0 0 0 0 0
73 8 0 0 0 0 0 2 0 0 0 0 0 0
74 46 0 0 0 0 0 0 0 0 0 0 0 0
81 4 1 1 0 0 0 0 0 0 2 0 0 0
101 7 0 0 3 0 0 0 0 0 2 1 0 0
102 8 0 0 4 0 0 0 0 0 2 0 0 0
103 8 0 0 4 0 0 0 0 0 2 0 0 0
104 8 1 1 4 0 0 0 0 0 2 0 0 0
106 8 0 0 4 0 0 0 0 0 2 0 0 0
111 8 0 0 4 0 0 0 0 0 2 0 0 0
112 7 0 0 3 1 1 0 0 0 2 1 0 0
113 8 0 0 4 0 0 0 0 0 2 0 0 0
118 6 1 1 2 0 0 0 0 0 2 0 0 0
123 4 0 0 2 0 0 0 0 0 2 0 0 0
130 4 0 0 2 0 0 0 0 0 2 0 0 0
131 6 0 0 4 0 0 0 0 0 2 0 0 0
149 6 0 0 2 1 1 0 0 0 2 1 0 0
154 2 0 0 1 0 0 1 0 0 0 0 0 0
156 2 0 0 0 0 0 0 0 0 1 1 0 0
158 2 0 0 0 0 0 0 0 0 1 1 0 0
160 2 0 0 0 0 0 0 0 0 1 0 0 0
161 1 0 0 0 0 0 1 0 0 0 0 0 0
163 6 1 1 2 0 0 0 0 0 2 0 0 0
165 6 1 1 2 0 0 2 0 0 0 0 0 0
166 4 0 0 0 0 0 0 0 0 2 2 0 0
175 4 0 0 2 0 0 0 0 0 0 0 0 0
176 6 1 1 0 0 0 0 0 0 2 2 0 0
180 4 0 0 0 0 0 0 0 0 2 1 0 0
181 2 0 0 1 0 0 1 0 0 0 0 0 0
183 4 0 0 2 0 0 0 0 0 2 2 0 0
fn=_dl_start
48 63 0 0 21 6 6 0 0 0 21 1 0 0
50 40 1 1 0 0 0 0 0 0 20 9 0 0
63 25 0 0 0 0 0 0 0 0 6 4 0 0
64 34 0 0 0 0 0 19 5 5 0 0 0 0
65 4 0 0 0 0 0 0 0 0 1 1 0 0
67 2 0 0 0 0 0 0 0 0 0 0 0 0
68 5 1 1 0 0 0 0 0 0 1 1 0 0
70 3 1 1 0 0 0 0 0 0 0 0 0 0
71 5 1 1 0 0 0 0 0 0 1 0 0 0
72 1 0 0 0 0 0 0 0 0 0 0 0 0
73 5 0 0 0 0 0 1 1 1 0 0 0 0
74 20 0 0 0 0 0 0 0 0 0 0 0 0
81 2 0 0 0 0 0 0 0 0 1 0 0 0
101 4 1 1 2 0 0 0 0 0 1 0 0 0
102 4 0 0 2 0 0 0 0 0 1 0 0 0
103 4 0 0 2 0 0 0 0 0 1 0 0 0
104 4 0 0 2 0 0 0 0 0 1 0 0 0
106 4 1 1 2 0 0 0 0 0 1 0 0 0
111 4 0 0 2 0 0 0 0 0 1 0 0 0
112 4 0 0 2 0 0 0 0 0 1 0 0 0
113 4 0 0 2 0 0 0 0 0 1 0 0 0
118 3 1 1 1 0 0 0 0 0 1 0 0 0
123 2 0 0 1 0 0 0 0 0 1 0 0 0
130 3 0 0 1 0 0 0 0 0 1 0 0 0
131 3 0 0 2 0 0 0 0 0 1 0 0 0
139 5 1 1 2 0 0 0 0 0 2 0 0 0
142 3 0 0 1 1 1 0 0 0 1 1 0 0
146 2 0 0 1 0 0 0 0 0 1 0 0 0
147 2 0 0 1 0 0 0 0 0 1 0 0 0
fn=dl_main
33 1 0 0 1 0 0 0 0 0 0 0 0 0
42 2 0 0 0 0 0 0 0 0 1 0 0 0
46 1 0 0 0 0 0 0 0 0 0 0 0 0
48 72 1 1 24 7 7 0 0 0 24 1 0 0
50 46 0 0 0 0 0 0 0 0 23 9 0 0
63 17 0 0 0 0 0 0 0 0 4 3 0 0
64 33 1 1 0 0 0 22 6 6 0 0 0 0
65 4 1 1 0 0 0 0 0 0 1 1 0 0
67 1 0 0 0 0 0 0 0 0 0 0 0 0
68 5 2 2 0 0 0 0 0 0 1 0 0 0
70 1 0 0 0 0 0 0 0 0 0 0 0 0
71 5 0 0 0 0 0 0 0 0 1 0 0 0
72 1 0 0 0 0 0 0 0 0 0 0 0 0
73 4 0 0 0 0 0 1 0 0 0 0 0 0
74 23 0 0 0 0 0 0 0 0 0 0 0 0
81 3 0 0 1 0 0 0 0 0 1 1 0 0
118 3 1 1 1 0 0 0 0 0 1 0 0 0
123 2 0 0 1 0 0 0 0 0 1 0 0 0
130 2 0 0 1 0 0 0 0 0 1 0 0 0
131 3 1 1 2 0 0 0 0 0 1 0 0 0
149 3 0 0 1 0 0 0 0 0 1 1 0 0
163 3 1 1 1 0 0 0 0 0 1 1 0 0
183 2 1 1 1 0 0 0 0 0 1 1 0 0
fl=/usr/src/debug/glibc-2.28-189.el8.x86_64/elf/rtld.c
fn=_dl_start
70 8 0 0 0 0 0 2 1 1 0 0 0 0
468 2 0 0 0 0 0 1 0 0 0 0 0 0
469 2 1 1 0 0 0 1 0 0 0 0 0 0
470 2 0 0 0 0 0 1 1 1 0 0 0 0
471 2 0 0 0 0 0 1 0 0 0 0 0 0
472 2 0 0 0 0 0 1 0 0 0 0 0 0
481 1 0 0 0 0 0 1 0 0 0 0 0 0
487 4 1 0 0 0 0 1 0 0 0 0 0 0
489 2 0 0 1 0 0 0 0 0 1 0 0 0
501 10 1 1 0 0 0 6 0 0 0 0 0 0
542 1 0 0 0 0 0 1 1 1 0 0 0 0
545 1 1 1 0 0 0 1 1 1 0 0 0 0
556 2 1 1 0 0 0 0 0 0 1 1 0 0
561 25 2 2 9 0 0 0 0 0 3 0 0 0
563 1 0 0 1 1 1 0 0 0 0 0 0 0
576 1 0 0 0 0 0 1 1 1 0 0 0 0
591 9 0 0 7 1 0 0 0 0 0 0 0 0
fn=dl_main
70 16 2 2 0 0 0 0 0 0 0 0 0 0
77 13 0 0 0 0 0 0 0 0 0 0 0 0
78 2 0 0 0 0 0 1 0 0 0 0 0 0
86 7 3 3 3 0 0 0 0 0 0 0 0 0
191 1 0 0 0 0 0 1 1 1 0 0 0 0
192 1 0 0 0 0 0 1 0 0 0 0 0 0
193 1 0 0 0 0 0 1 0 0 0 0 0 0
218 2 1 1 2 1 1 0 0 0 0 0 0 0
219 2 0 0 2 0 0 0 0 0 0 0 0 0
220 4 0 0 0 0 0 0 0 0 2 2 0 0
290 1 0 0 0 0 0 1 0 0 0 0 0 0
291 1 1 1 0 0 0 1 0 0 0 0 0 0
292 1 0 0 0 0 0 1 0 0 0 0 0 0
293 1 0 0 0 0 0 1 0 0 0 0 0 0
294 1 0 0 0 0 0 1 0 0 0 0 0 0
295 1 0 0 0 0 0 1 0 0 0 0 0 0
296 1 0 0 0 0 0 1 0 0 0 0 0 0
297 2 0 0 0 0 0 1 0 0 0 0 0 0
861 1 0 0 1 1 0 0 0 0 0 0 0 0
863 1 0 0 0 0 0 1 0 0 0 0 0 0
872 1 0 0 0 0 0 1 0 0 0 0 0 0
874 1 1 1 0 0 0 1 0 0 0 0 0 0
879 1 0 0 0 0 0 1 0 0 0 0 0 0
1157 14 2 2 0 0 0 9 1 1 0 0 0 0
1162 1 0 0 0 0 0 1 0 0 0 0 0 0
1165 1 0 0 0 0 0 1 0 0 0 0 0 0
1166 1 0 0 0 0 0 1 0 0 0 0 0 0
1171 2 0 0 0 0 0 1 1 1 0 0 0 0
1175 2 0 0 0 0 0 1 1 1 0 0 0 0
1176 2 0 0 0 0 0 1 0 0 0 0 0 0
1181 2 0 0 0 0 0 1 1 1 0 0 0 0
1187 1 1 1 0 0 0 1 1 1 0 0 0 0
1189 4 0 0 2 0 0 1 0 0 0 0 0 0
1190 4 0 0 2 0 0 0 0 0 1 1 0 0
1463 8 1 1 0 0 0 1 0 0 0 0 0 0
1465 2 0 0 0 0 0 0 0 0 1 0 0 0
1466 1 0 0 0 0 0 1 1 1 0 0 0 0
1467 2 1 1 1 0 0 1 0 0 0 0 0 0
1468 3 0 0 2 0 0 1 0 0 0 0 0 0
1472 3 0 0 0 0 0 1 0 0 0 0 0 0
1473 2 0 0 1 0 0 0 0 0 1 0 0 0
1494 1 0 0 0 0 0 1 0 0 0 0 0 0
1495 1 0 0 0 0 0 1 0 0 0 0 0 0
1497 2 0 0 0 0 0 1 0 0 0 0 0 0
1499 1 0 0 1 0 0 0 0 0 0 0 0 0
1502 33 2 2 1 0 0 0 0 0 10 2 0 0
1503 74 3 3 9 4 4 0 0 0 40 11 0 0
1507 3 0 0 2 0 0 1 0 0 0 0 0 0
1508 1 0 0 0 0 0 0 0 0 0 0 0 0
1512 3 1 1 2 0 0 1 0 0 0 0 0 0
1513 1 0 0 0 0 0 0 0 0 0 0 0 0
1521 2 0 0 0 0 0 1 1 1 0 0 0 0
1522 2 0 0 2 1 1 0 0 0 0 0 0 0
1524 1 0 0 0 0 0 1 0 0 0 0 0 0
1531 3 1 1 1 0 0 0 0 0 1 0 0 0
1543 2 0 0 0 0 0 2 0 0 0 0 0 0
1549 2 1 1 0 0 0 1 0 0 0 0 0 0
1557 4 1 1 2 0 0 0 0 0 0 0 0 0
1558 11 0 0 5 1 1 1 0 0 0 0 0 0
1559 4 0 0 2 0 0 0 0 0 2 1 0 0
1560 1 0 0 0 0 0 1 0 0 0 0 0 0
1563 4 0 0 2 1 1 0 0 0 0 0 0 0
1564 4 0 0 2 0 0 0 0 0 2 0 0 0
1565 2 0 0 0 0 0 2 0 0 0 0 0 0
1566 6 0 0 3 0 0 0 0 0 3 1 0 0
1567 2 0 0 0 0 0 1 0 0 0 0 0 0
1594 2 0 0 1 0 0 1 0 0 0 0 0 0
1598 2 0 0 1 0 0 1 0 0 0 0 0 0
1599 2 0 0 1 0 0 1 0 0 0 0 0 0
1600 1 0 0 0 0 0 0 0 0 0 0 0 0
1611 6 1 1 4 1 1 0 0 0 1 1 0 0
1614 2 0 0 0 0 0 0 0 0 1 0 0 0
1616 2 0 0 0 0 0 0 0 0 1 1 0 0
1618 2 0 0 1 0 0 0 0 0 1 0 0 0
1631 3 0 0 1 0 0 0 0 0 1 0 0 0
1632 6 0 0 2 0 0 1 0 0 1 0 0 0
1634 3 1 1 3 0 0 0 0 0 0 0 0 0
1637 1 0 0 0 0 0 1 0 0 0 0 0 0
1639 1 0 0 0 0 0 1 0 0 0 0 0 0
1640 1 1 1 0 0 0 1 0 0 0 0 0 0
1642 2 0 0 1 0 0 0 0 0 1 0 0 0
1643 2 0 0 0 0 0 1 0 0 0 0 0 0
1647 2 0 0 1 0 0 0 0 0 1 0 0 0
1649 2 0 0 1 0 0 0 0 0 1 0 0 0
1657 3 0 0 1 0 0 0 0 0 1 1 0 0
1664 2 1 1 0 0 0 1 0 0 0 0 0 0
1667 2 0 0 1 0 0 0 0 0 1 0 0 0
1683 4 2 2 0 0 0 1 0 0 0 0 0 0
1689 9 2 2 1 0 0 2 0 0 3 0 0 0
1697 4 0 0 1 0 0 2 0 0 0 0 0 0
1699 1 0 0 0 0 0 1 0 0 0 0 0 0
1704 2 1 1 1 0 0 0 0 0 1 1 0 0
1707 4 1 1 2 0 0 1 0 0 0 0 0 0
1708 4 0 0 1 0 0 1 0 0 0 0 0 0
1709 2 0 0 0 0 0 1 0 0 0 0 0 0
1710 1 1 1 0 0 0 1 0 0 0 0 0 0
1711 1 0 0 1 0 0 0 0 0 0 0 0 0
1712 1 0 0 1 0 0 0 0 0 0 0 0 0
1717 2 0 0 1 1 1 0 0 0 1 0 0 0
1718 5 0 0 1 0 0 1 0 0 0 0 0 0
1735 2 0 0 1 1 1 0 0 0 1 0 0 0
1736 2 0 0 1 0 0 0 0 0 1 0 0 0
1738 2 1 1 1 0 0 0 0 0 0 0 0 0
1740 1 0 0 0 0 0 1 0 0 0 0 0 0
1741 3 0 0 1 0 0 1 0 0 0 0 0 0
1746 5 1 1 0 0 0 0 0 0 1 1 0 0
1747 5 0 0 1 1 1 0 0 0 1 1 0 0
1749 2 0 0 1 0 0 1 1 1 0 0 0 0
1750 2 0 0 1 0 0 1 0 0 0 0 0 0
1755 2 0 0 1 1 1 0 0 0 1 1 0 0
1764 2 1 1 1 0 0 0 0 0 1 0 0 0
1768 2 0 0 0 0 0 0 0 0 0 0 0 0
1769 2 0 0 1 0 0 0 0 0 1 1 0 0
1793 2 1 1 0 0 0 2 0 0 0 0 0 0
1801 3 0 0 1 0 0 0 0 0 1 0 0 0
1804 2 0 0 1 0 0 1 0 0 0 0 0 0
1808 3 1 1 1 0 0 0 0 0 1 1 0 0
1813 2 0 0 1 0 0 1 0 0 0 0 0 0
1814 1 0 0 0 0 0 1 0 0 0 0 0 0
1815 1 0 0 0 0 0 0 0 0 0 0 0 0
1819 3 0 0 1 0 0 0 0 0 1 0 0 0
1835 3 1 1 2 0 0 0 0 0 1 0 0 0
1837 1 0 0 0 0 0 0 0 0 0 0 0 0
1839 2 0 0 1 0 0 0 0 0 1 1 0 0
1843 5 0 0 1 0 0 1 0 0 0 0 0 0
1848 2 0 0 1 0 0 0 0 0 1 0 0 0
1864 5 0 0 0 0 0 1 0 0 1 0 0 0
1940 4 1 1 2 0 0 0 0 0 1 1 0 0
1944 19 4 4 1 0 0 0 0 0 2 1 0 0
1945 2 0 0 0 0 0 0 0 0 0 0 0 0
1948 3 0 0 0 0 0 1 0 0 0 0 0 0
1949 1 0 0 1 0 0 0 0 0 0 0 0 0
1950 2 0 0 0 0 0 0 0 0 1 0 0 0
1951 2 0 0 0 0 0 0 0 0 1 0 0 0
1960 7 0 0 1 0 0 1 0 0 0 0 0 0
1966 15 0 0 1 0 0 0 0 0 5 3 0 0
1967 15 0 0 9 0 0 0 0 0 0 0 0 0
1970 4 1 1 3 0 0 1 0 0 0 0 0 0
1971 3 0 0 1 0 0 0 0 0 1 0 0 0
1972 1 0 0 0 0 0 1 0 0 0 0 0 0
1974 10 0 0 0 0 0 0 0 0 3 2 0 0
1975 13 1 1 4 0 0 0 0 0 3 2 0 0
1985 2 1 1 0 0 0 1 0 0 0 0 0 0
1987 2 0 0 1 0 0 1 0 0 0 0 0 0
1988 2 0 0 0 0 0 0 0 0 1 0 0 0
1990 2 1 1 0 0 0 1 0 0 0 0 0 0
1992 3 0 0 0 0 0 0 0 0 1 1 0 0
1994 3 0 0 1 0 0 0 0 0 0 0 0 0
1995 1 0 0 1 0 0 0 0 0 0 0 0 0
1996 2 0 0 0 0 0 0 0 0 1 1 0 0
2008 2 0 0 0 0 0 0 0 0 1 0 0 0
2009 2 0 0 0 0 0 1 0 0 0 0 0 0
2010 3 0 0 1 0 0 0 0 0 1 1 0 0
2013 2 1 1 1 0 0 0 0 0 0 0 0 0
2021 4 1 1 0 0 0 1 0 0 0 0 0 0
2022 4 0 0 0 0 0 1 0 0 0 0 0 0
2023 5 0 0 0 0 0 1 0 0 0 0 0 0
2033 2 1 1 1 0 0 1 0 0 0 0 0 0
2034 2 0 0 1 0 0 0 0 0 1 1 0 0
2035 4 1 1 0 0 0 2 0 0 0 0 0 0
2037 2 0 0 0 0 0 0 0 0 1 0 0 0
2042 3 0 0 1 0 0 0 0 0 1 0 0 0
2272 3 0 0 1 0 0 0 0 0 1 1 0 0
2328 1 1 1 0 0 0 1 0 0 0 0 0 0
2332 2 0 0 1 0 0 1 0 0 0 0 0 0
2338 2 0 0 1 0 0 1 0 0 0 0 0 0
2341 2 0 0 0 0 0 0 0 0 1 0 0 0
2349 1 0 0 1 0 0 0 0 0 0 0 0 0
2399 3 0 0 1 0 0 0 0 0 0 0 0 0
2402 1 0 0 1 0 0 0 0 0 0 0 0 0
2406 1 0 0 1 0 0 0 0 0 0 0 0 0
2407 16 0 0 0 0 0 0 0 0 5 2 0 0
2409 12 0 0 8 2 0 0 0 0 0 0 0 0
2414 8 0 0 8 2 0 0 0 0 0 0 0 0
2416 10 1 1 0 0 0 0 0 0 5 2 0 0
2418 1 1 1 0 0 0 1 0 0 0 0 0 0
2419 1 0 0 1 0 0 0 0 0 0 0 0 0
2422 4 0 0 4 0 0 0 0 0 0 0 0 0
2424 12 0 0 0 0 0 0 0 0 4 1 0 0
2425 24 0 0 6 1 0 3 0 0 0 0 0 0
2429 10 1 1 5 1 0 0 0 0 5 3 0 0
2430 3 0 0 0 0 0 1 0 0 0 0 0 0
2438 2 1 1 1 0 0 0 0 0 1 0 0 0
2443 4 0 0 2 1 0 0 0 0 2 1 0 0
2445 1 0 0 1 0 0 0 0 0 0 0 0 0
2452 3 0 0 1 0 0 1 0 0 0 0 0 0
2455 2 1 1 1 0 0 0 0 0 1 1 0 0
2464 3 0 0 2 0 0 0 0 0 1 0 0 0
2466 4 1 1 1 0 0 0 0 0 2 0 0 0
2478 2 0 0 0 0 0 1 0 0 0 0 0 0
2484 1 0 0 1 0 0 0 0 0 0 0 0 0
2485 5 0 0 1 0 0 1 0 0 0 0 0 0
2493 3 0 0 1 1 0 1 0 0 0 0 0 0
2500 1 0 0 0 0 0 1 0 0 0 0 0 0
2504 3 0 0 1 0 0 0 0 0 1 0 0 0
2525 4 0 0 0 0 0 1 0 0 0 0 0 0
2526 1 0 0 0 0 0 1 0 0 0 0 0 0
2527 1 0 0 0 0 0 1 0 0 0 0 0 0
2528 1 0 0 0 0 0 0 0 0 0 0 0 0
2532 1 0 0 0 0 0 1 0 0 0 0 0 0
2537 8 0 0 7 2 0 0 0 0 0 0 0 0
2670 2 1 1 1 0 0 1 1 1 0 0 0 0
2672 1 0 0 0 0 0 0 0 0 0 0 0 0
2676 8 1 1 1 0 0 2 0 0 0 0 0 0
2678 8 1 1 2 0 0 2 1 1 2 1 0 0
2680 1 0 0 0 0 0 0 0 0 0 0 0 0
2682 41 0 0 8 0 0 0 0 0 8 6 0 0
2683 7 0 0 0 0 0 0 0 0 0 0 0 0
2685 2 0 0 0 0 0 0 0 0 0 0 0 0
2691 7 1 1 1 1 1 0 0 0 1 0 1 1
2703 3 0 0 0 0 0 1 0 0 0 0 0 0
2712 2 1 1 1 0 0 0 0 0 1 0 0 0
2719 6 2 2 3 0 0 0 0 0 3 1 0 0
2721 2 0 0 0 0 0 1 0 0 0 0 0 0
2722 1 0 0 0 0 0 0 0 0 0 0 0 0
2838 4 0 0 1 0 0 0 0 0 1 0 0 0
2870 2 0 0 0 0 0 0 0 0 1 1 0 0
fn=do_preload
812 6 1 1 0 0 0 3 0 0 0 0 0 0
814 1 0 0 0 0 0 1 0 0 0 0 0 0
818 1 0 0 0 0 0 1 0 0 0 0 0 0
819 1 0 0 0 0 0 1 0 0 0 0 0 0
820 1 0 0 0 0 0 1 0 0 0 0 0 0
822 1 0 0 1 0 0 0 0 0 0 0 0 0
824 6 1 1 0 0 0 1 0 0 0 0 0 0
825 3 0 0 1 0 0 0 0 0 1 0 0 0
833 3 1 1 1 0 0 0 0 0 0 0 0 0
839 5 0 0 4 0 0 0 0 0 0 0 0 0
fn=dso_name_valid_for_suid
176 4 1 1 0 0 0 2 0 0 0 0 0 0
177 3 0 0 1 0 0 0 0 0 1 0 0 0
185 2 0 0 1 0 0 0 0 0 0 0 0 0
186 5 0 0 3 0 0 0 0 0 0 0 0 0
fn=handle_preload_list
893 15 1 1 1 1 1 6 0 0 0 0 0 0
894 1 0 0 0 0 0 0 0 0 0 0 0 0
898 4 1 1 2 0 0 0 0 0 2 0 0 0
901 4 0 0 0 0 0 1 0 0 0 0 0 0
902 3 0 0 0 0 0 0 0 0 1 1 0 0
904 4 1 1 0 0 0 1 0 0 0 0 0 0
905 2 0 0 0 0 0 1 0 0 0 0 0 0
911 1 0 0 0 0 0 0 0 0 0 0 0 0
913 2 0 0 1 0 0 0 0 0 0 0 0 0
915 4 0 0 0 0 0 1 0 0 1 0 0 0
916 5 0 0 0 0 0 1 0 0 0 0 0 0
919 9 0 0 7 0 0 0 0 0 0 0 0 0
fn=init_tls
740 3 1 1 0 0 0 2 0 0 0 0 0 0
742 2 0 0 1 0 0 1 0 0 0 0 0 0
746 3 0 0 1 0 0 0 0 0 1 0 0 0
752 2 1 1 0 0 0 1 0 0 0 0 0 0
755 1 0 0 0 0 0 1 0 0 0 0 0 0
756 2 0 0 0 0 0 0 0 0 0 0 0 0
761 1 0 0 0 0 0 0 0 0 0 0 0 0
763 1 0 0 0 0 0 1 0 0 0 0 0 0
767 2 0 0 1 1 1 0 0 0 1 0 0 0
768 3 1 1 0 0 0 0 0 0 0 0 0 0
769 11 0 0 1 0 0 0 0 0 5 3 0 0
770 4 0 0 4 0 0 0 0 0 0 0 0 0
771 12 0 0 4 0 0 0 0 0 4 3 0 0
775 2 0 0 0 0 0 1 0 0 0 0 0 0
777 3 0 0 0 0 0 0 0 0 0 0 0 0
779 2 0 0 1 0 0 0 0 0 1 0 0 0
782 2 1 1 0 0 0 1 0 0 0 0 0 0
785 1 0 0 0 0 0 1 0 0 0 0 0 0
792 2 0 0 0 0 0 1 0 0 0 0 0 0
793 2 0 0 0 0 0 0 0 0 1 0 0 0
799 2 0 0 1 0 0 1 0 0 0 0 0 0
802 7 0 0 0 0 0 2 0 0 1 0 0 0
805 1 1 1 0 0 0 1 0 0 0 0 0 0
808 5 0 0 3 0 0 0 0 0 0 0 0 0
fn=map_doit
647 3 1 1 0 0 0 1 0 0 0 0 0 0
649 4 0 0 1 0 0 0 0 0 0 0 0 0
650 6 1 1 2 0 0 2 0 0 0 0 0 0
652 2 0 0 2 0 0 0 0 0 0 0 0 0
fn=rtld_lock_default_lock_recursive
845 6 2 1 0 0 0 0 0 0 0 0 0 0
846 6 0 0 6 3 2 0 0 0 0 0 0 0
847 6 0 0 6 0 0 0 0 0 0 0 0 0
fn=rtld_lock_default_unlock_recursive
851 6 2 1 0 0 0 0 0 0 0 0 0 0
852 6 0 0 6 1 0 0 0 0 0 0 0 0
853 6 0 0 6 0 0 0 0 0 0 0 0 0
fn=version_check_doit
680 3 1 1 0 0 0 1 0 0 0 0 0 0
682 6 0 0 2 0 0 1 0 0 1 1 0 0
686 2 0 0 2 0 0 0 0 0 0 0 0 0
fl=/usr/src/debug/glibc-2.28-189.el8.x86_64/elf/setup-vdso.h
fn=dl_main
24 2 0 0 1 0 0 0 0 0 1 1 0 0
fl=/usr/src/debug/glibc-2.28-189.el8.x86_64/io/../sysdeps/unix/sysv/linux/access.c
fn=access
25 1 0 0 0 0 0 0 0 0 0 0 0 0
27 7 0 0 0 0 0 1 0 0 1 1 0 0
31 1 0 0 1 0 0 0 0 0 0 0 0 0
fl=/usr/src/debug/glibc-2.28-189.el8.x86_64/io/../sysdeps/unix/sysv/linux/close_nocancel.c
fn=__GI___close_nocancel
25 3 1 1 0 0 0 0 0 0 0 0 0 0
26 12 0 0 0 0 0 0 0 0 3 0 0 0
27 3 0 0 3 0 0 0 0 0 0 0 0 0
fl=/usr/src/debug/glibc-2.28-189.el8.x86_64/io/../sysdeps/unix/sysv/linux/lseek64.c
fn=lseek
28 3 1 1 0 0 0 0 0 0 0 0 0 0
36 12 1 1 0 0 0 0 0 0 3 0 0 0
38 3 0 0 3 0 0 0 0 0 0 0 0 0
fl=/usr/src/debug/glibc-2.28-189.el8.x86_64/io/../sysdeps/unix/sysv/linux/open64_nocancel.c
fn=__open_nocancel
34 6 1 1 0 0 0 3 1 1 0 0 0 0
37 21 0 0 0 0 0 0 0 0 6 0 0 0
45 21 1 1 0 0 0 0 0 0 3 0 0 0
47 3 0 0 3 0 0 0 0 0 0 0 0 0
fl=/usr/src/debug/glibc-2.28-189.el8.x86_64/io/../sysdeps/unix/sysv/linux/read_nocancel.c
fn=__read_nocancel
25 5 1 1 0 0 0 0 0 0 0 0 0 0
26 20 0 0 0 0 0 0 0 0 5 0 0 0
27 5 0 0 5 0 0 0 0 0 0 0 0 0
fl=/usr/src/debug/glibc-2.28-189.el8.x86_64/io/../sysdeps/unix/sysv/linux/wordsize-64/fxstat.c
fn=_fxstat
33 6 1 1 0 0 0 0 0 0 0 0 0 0
34 6 0 0 0 0 0 0 0 0 3 0 0 0
35 18 0 0 0 0 0 0 0 0 3 0 0 0
39 3 0 0 3 0 0 0 0 0 0 0 0 0
fl=/usr/src/debug/glibc-2.28-189.el8.x86_64/malloc/scratch_buffer_set_array_size.c
fn=__libc_scratch_buffer_set_array_size
30 10 1 1 0 0 0 6 0 0 0 0 0 0
31 4 1 1 0 0 0 0 0 0 0 0 0 0
34 4 0 0 0 0 0 0 0 0 0 0 0 0
35 4 0 0 0 0 0 0 0 0 2 2 0 0
45 4 0 0 2 0 0 0 0 0 2 2 0 0
46 2 0 0 0 0 0 0 0 0 0 0 0 0
63 8 1 1 8 0 0 0 0 0 0 0 0 0
fl=/usr/src/debug/glibc-2.28-189.el8.x86_64/misc/../sysdeps/unix/syscall-template.S
fn=mprotect
78 30 1 0 0 0 0 0 0 0 6 0 0 0
79 6 0 0 6 0 0 0 0 0 0 0 0 0
fn=munmap
78 5 1 1 0 0 0 0 0 0 1 0 0 0
79 1 0 0 1 0 0 0 0 0 0 0 0 0
fl=/usr/src/debug/glibc-2.28-189.el8.x86_64/misc/../sysdeps/unix/sysv/linux/mmap64.c
fn=mmap
41 91 2 2 0 0 0 42 1 1 0 0 0 0
44 14 0 0 0 0 0 0 0 0 7 0 0 0
47 32 1 1 2 0 0 0 0 0 9 7 0 0
52 70 0 0 0 0 0 0 0 0 7 0 0 0
54 49 0 0 49 0 0 0 0 0 0 0 0 0
fl=/usr/src/debug/glibc-2.28-189.el8.x86_64/posix/../sysdeps/unix/syscall-template.S
fn=uname
78 5 2 2 0 0 0 0 0 0 1 0 0 0
79 1 0 0 1 0 0 0 0 0 0 0 0 0
fl=/usr/src/debug/glibc-2.28-189.el8.x86_64/setjmp/../sysdeps/x86_64/setjmp.S
fn=__sigsetjmp
30 3 0 0 0 0 0 0 0 0 0 0 0 0
32 3 0 0 0 0 0 3 1 1 0 0 0 0
41 3 0 0 0 0 0 0 0 0 0 0 0 0
42 6 1 1 3 0 0 0 0 0 0 0 0 0
43 3 0 0 0 0 0 3 0 0 0 0 0 0
47 3 0 0 0 0 0 3 0 0 0 0 0 0
48 3 0 0 0 0 0 3 0 0 0 0 0 0
49 3 0 0 0 0 0 3 1 1 0 0 0 0
50 3 0 0 0 0 0 3 0 0 0 0 0 0
51 3 0 0 0 0 0 0 0 0 0 0 0 0
53 6 0 0 3 0 0 0 0 0 0 0 0 0
55 3 0 0 0 0 0 3 0 0 0 0 0 0
56 3 0 0 3 0 0 0 0 0 0 0 0 0
57 3 0 0 0 0 0 0 0 0 0 0 0 0
59 6 0 0 3 0 0 0 0 0 0 0 0 0
61 3 1 1 0 0 0 3 0 0 0 0 0 0
69 3 0 0 0 0 0 0 0 0 0 0 0 0
72 3 0 0 0 0 0 0 0 0 0 0 0 0
73 3 0 0 0 0 0 3 1 1 0 0 0 0
80 3 0 0 0 0 0 0 0 0 0 0 0 0
81 3 0 0 3 0 0 0 0 0 0 0 0 0
fl=/usr/src/debug/glibc-2.28-189.el8.x86_64/string/../include/rtld-malloc.h
fn=strdup
56 6 1 1 2 0 0 2 0 0 0 0 2 1
fl=/usr/src/debug/glibc-2.28-189.el8.x86_64/string/../sysdeps/x86_64/multiarch/../strchr.S
fn=index
23 14 1 1 0 0 0 0 0 0 0 0 0 0
24 14 0 0 0 0 0 0 0 0 0 0 0 0
25 14 0 0 0 0 0 0 0 0 0 0 0 0
26 14 0 0 0 0 0 0 0 0 0 0 0 0
27 14 0 0 0 0 0 0 0 0 0 0 0 0
28 14 0 0 0 0 0 0 0 0 0 0 0 0
29 14 0 0 0 0 0 0 0 0 0 0 0 0
30 14 0 0 0 0 0 0 0 0 0 0 0 0
31 14 0 0 0 0 0 0 0 0 14 0 0 0
32 14 0 0 14 2 2 0 0 0 0 0 0 0
33 14 0 0 0 0 0 0 0 0 0 0 0 0
34 14 0 0 0 0 0 0 0 0 0 0 0 0
35 14 0 0 0 0 0 0 0 0 0 0 0 0
36 14 0 0 0 0 0 0 0 0 0 0 0 0
37 14 0 0 0 0 0 0 0 0 0 0 0 0
38 14 1 1 0 0 0 0 0 0 0 0 0 0
39 14 0 0 0 0 0 0 0 0 0 0 0 0
40 14 0 0 0 0 0 0 0 0 14 2 0 0
41 12 0 0 0 0 0 0 0 0 0 0 0 0
45 12 0 0 0 0 0 0 0 0 0 0 0 0
46 12 0 0 0 0 0 0 0 0 0 0 0 0
47 12 0 0 12 0 0 0 0 0 0 0 0 0
48 12 0 0 0 0 0 0 0 0 0 0 0 0
50 12 0 0 12 0 0 0 0 0 0 0 0 0
54 2 0 0 2 0 0 0 0 0 0 0 0 0
55 2 0 0 0 0 0 0 0 0 0 0 0 0
56 2 0 0 0 0 0 0 0 0 0 0 0 0
57 2 0 0 0 0 0 0 0 0 0 0 0 0
58 2 0 0 0 0 0 0 0 0 0 0 0 0
59 2 0 0 0 0 0 0 0 0 0 0 0 0
60 2 0 0 2 0 0 0 0 0 0 0 0 0
61 2 1 1 0 0 0 0 0 0 0 0 0 0
62 2 0 0 0 0 0 0 0 0 0 0 0 0
63 2 0 0 0 0 0 0 0 0 0 0 0 0
64 2 0 0 0 0 0 0 0 0 0 0 0 0
65 2 0 0 0 0 0 0 0 0 0 0 0 0
66 2 0 0 0 0 0 0 0 0 0 0 0 0
67 2 0 0 2 0 0 0 0 0 0 0 0 0
68 2 0 0 0 0 0 0 0 0 0 0 0 0
69 2 0 0 0 0 0 0 0 0 0 0 0 0
70 2 0 0 0 0 0 0 0 0 0 0 0 0
71 2 0 0 0 0 0 0 0 0 0 0 0 0
72 2 0 0 0 0 0 0 0 0 0 0 0 0
73 2 0 0 0 0 0 0 0 0 0 0 0 0
74 2 0 0 0 0 0 0 0 0 0 0 0 0
75 2 0 0 0 0 0 0 0 0 0 0 0 0
76 2 0 0 0 0 0 0 0 0 0 0 0 0
77 2 1 1 0 0 0 0 0 0 2 2 0 0
129 2 1 1 0 0 0 0 0 0 0 0 0 0
133 2 0 0 0 0 0 0 0 0 0 0 0 0
134 2 0 0 0 0 0 0 0 0 0 0 0 0
135 2 0 0 2 0 0 0 0 0 0 0 0 0
136 2 1 1 0 0 0 0 0 0 0 0 0 0
138 2 0 0 2 0 0 0 0 0 0 0 0 0
fl=/usr/src/debug/glibc-2.28-189.el8.x86_64/string/../sysdeps/x86_64/multiarch/../strlen.S
fn=strlen
41 13 1 1 0 0 0 0 0 0 0 0 0 0
79 13 0 0 0 0 0 0 0 0 0 0 0 0
80 13 0 0 0 0 0 0 0 0 0 0 0 0
81 13 0 0 0 0 0 0 0 0 0 0 0 0
82 13 1 1 0 0 0 0 0 0 0 0 0 0
83 13 0 0 0 0 0 0 0 0 0 0 0 0
84 13 0 0 0 0 0 0 0 0 0 0 0 0
85 13 0 0 0 0 0 0 0 0 0 0 0 0
87 13 0 0 0 0 0 0 0 0 0 0 0 0
89 13 0 0 0 0 0 0 0 0 13 1 0 0
120 12 0 0 12 0 0 0 0 0 0 0 0 0
121 12 0 0 0 0 0 0 0 0 0 0 0 0
122 12 0 0 0 0 0 0 0 0 0 0 0 0
123 12 0 0 0 0 0 0 0 0 0 0 0 0
124 12 0 0 0 0 0 0 0 0 12 6 0 0
125 6 0 0 0 0 0 0 0 0 0 0 0 0
127 6 0 0 6 0 0 0 0 0 0 0 0 0
131 6 0 0 0 0 0 0 0 0 0 0 0 0
132 6 0 0 6 0 0 0 0 0 0 0 0 0
133 6 0 0 6 0 0 0 0 0 0 0 0 0
134 6 1 1 6 1 1 0 0 0 0 0 0 0
135 6 0 0 0 0 0 0 0 0 0 0 0 0
136 6 0 0 0 0 0 0 0 0 0 0 0 0
137 6 0 0 0 0 0 0 0 0 0 0 0 0
138 6 0 0 0 0 0 0 0 0 0 0 0 0
139 6 0 0 0 0 0 0 0 0 0 0 0 0
140 6 0 0 0 0 0 0 0 0 0 0 0 0
141 6 0 0 0 0 0 0 0 0 0 0 0 0
142 6 0 0 0 0 0 0 0 0 0 0 0 0
147 48 0 0 6 0 0 0 0 0 6 0 0 0
151 1 1 1 0 0 0 0 0 0 0 0 0 0
152 14 0 0 4 1 1 0 0 0 0 0 0 0
153 8 1 1 1 0 0 0 0 0 1 0 0 0
fl=/usr/src/debug/glibc-2.28-189.el8.x86_64/string/../sysdeps/x86_64/multiarch/memmove-vec-unaligned-erms.S
fn=memcpy
116 12 1 1 0 0 0 0 0 0 0 0 0 0
117 12 0 0 0 0 0 0 0 0 0 0 0 0
119 21 0 0 0 0 0 0 0 0 0 0 0 0
120 21 0 0 0 0 0 0 0 0 21 10 0 0
121 11 0 0 0 0 0 0 0 0 0 0 0 0
122 11 0 0 0 0 0 0 0 0 11 4 0 0
127 7 0 0 7 0 0 0 0 0 0 0 0 0
128 7 0 0 7 0 0 0 0 0 0 0 0 0
129 7 0 0 0 0 0 7 2 2 0 0 0 0
130 7 0 0 0 0 0 7 2 2 0 0 0 0
135 7 0 0 7 0 0 0 0 0 0 0 0 0
258 10 1 1 0 0 0 0 0 0 0 0 0 0
259 10 0 0 0 0 0 0 0 0 10 4 0 0
260 6 0 0 0 0 0 0 0 0 0 0 0 0
261 6 0 0 0 0 0 0 0 0 6 3 0 0
262 3 0 0 0 0 0 0 0 0 0 0 0 0
263 3 0 0 0 0 0 0 0 0 3 2 0 0
264 1 0 0 0 0 0 0 0 0 1 0 0 0
265 1 0 0 1 1 1 0 0 0 0 0 0 0
266 1 0 0 0 0 0 1 1 1 0 0 0 0
268 1 0 0 1 0 0 0 0 0 0 0 0 0
290 4 0 0 4 0 0 0 0 0 0 0 0 0
291 4 0 0 4 0 0 0 0 0 0 0 0 0
292 4 0 0 0 0 0 4 1 1 0 0 0 0
293 4 0 0 0 0 0 4 0 0 0 0 0 0
294 4 0 0 4 0 0 0 0 0 0 0 0 0
297 3 0 0 3 0 0 0 0 0 0 0 0 0
298 3 0 0 3 0 0 0 0 0 0 0 0 0
299 3 0 0 0 0 0 3 0 0 0 0 0 0
300 3 0 0 0 0 0 3 0 0 0 0 0 0
301 3 0 0 3 0 0 0 0 0 0 0 0 0
304 2 0 0 2 1 1 0 0 0 0 0 0 0
305 2 1 1 2 0 0 0 0 0 0 0 0 0
306 2 0 0 0 0 0 2 0 0 0 0 0 0
307 2 0 0 0 0 0 2 0 0 0 0 0 0
308 2 0 0 2 0 0 0 0 0 0 0 0 0
318 4 0 0 0 0 0 0 0 0 0 0 0 0
319 4 0 0 0 0 0 0 0 0 4 0 0 0
320 4 0 0 0 0 0 0 0 0 0 0 0 0
321 4 0 0 0 0 0 0 0 0 4 3 0 0
343 4 1 1 4 0 0 0 0 0 0 0 0 0
344 4 0 0 4 0 0 0 0 0 0 0 0 0
345 4 0 0 4 0 0 0 0 0 0 0 0 0
346 4 0 0 4 0 0 0 0 0 0 0 0 0
347 4 0 0 0 0 0 4 1 1 0 0 0 0
348 4 0 0 0 0 0 4 2 2 0 0 0 0
349 4 0 0 0 0 0 4 2 2 0 0 0 0
350 4 1 1 0 0 0 4 0 0 0 0 0 0
352 4 0 0 4 0 0 0 0 0 0 0 0 0
fn=mempcpy
103 9 0 0 0 0 0 0 0 0 0 0 0 0
104 9 0 0 0 0 0 0 0 0 0 0 0 0
105 9 0 0 0 0 0 0 0 0 0 0 0 0
106 9 0 0 0 0 0 0 0 0 0 0 0 0
fl=/usr/src/debug/glibc-2.28-189.el8.x86_64/string/../sysdeps/x86_64/multiarch/memset-vec-unaligned-erms.S
fn=memset
98 9 2 1 0 0 0 0 0 0 0 0 0 0
99 45 0 0 0 0 0 0 0 0 0 0 0 0
101 9 0 0 0 0 0 0 0 0 0 0 0 0
102 9 0 0 0 0 0 0 0 0 9 7 0 0
103 2 0 0 0 0 0 0 0 0 0 0 0 0
104 2 0 0 0 0 0 0 0 0 2 2 0 0
170 2 1 1 0 0 0 0 0 0 0 0 0 0
171 2 0 0 0 0 0 0 0 0 2 2 0 0
181 2 0 0 0 0 0 0 0 0 0 0 0 0
182 2 0 0 0 0 0 2 2 2 0 0 0 0
183 2 0 0 0 0 0 0 0 0 0 0 0 0
184 2 0 0 0 0 0 2 2 2 0 0 0 0
185 2 0 0 0 0 0 2 1 1 0 0 0 0
186 2 0 0 0 0 0 2 0 0 0 0 0 0
187 2 1 0 0 0 0 2 0 0 0 0 0 0
188 2 0 0 0 0 0 2 0 0 0 0 0 0
189 2 0 0 0 0 0 2 0 0 0 0 0 0
190 2 0 0 0 0 0 2 0 0 0 0 0 0
191 2 0 0 0 0 0 0 0 0 0 0 0 0
192 2 0 0 0 0 0 0 0 0 0 0 0 0
193 2 0 0 0 0 0 0 0 0 0 0 0 0
194 2 0 0 0 0 0 0 0 0 2 0 0 0
196 33 0 0 0 0 0 33 30 30 0 0 0 0
197 33 0 0 0 0 0 33 0 0 0 0 0 0
198 33 0 0 0 0 0 33 0 0 0 0 0 0
199 33 0 0 0 0 0 33 0 0 0 0 0 0
200 33 0 0 0 0 0 0 0 0 0 0 0 0
201 33 0 0 0 0 0 0 0 0 0 0 0 0
202 33 0 0 0 0 0 0 0 0 33 10 0 0
203 2 0 0 2 0 0 0 0 0 0 0 0 0
218 7 2 1 0 0 0 0 0 0 0 0 0 0
219 7 0 0 0 0 0 0 0 0 0 0 0 0
220 7 0 0 0 0 0 0 0 0 7 1 0 0
221 6 0 0 0 0 0 0 0 0 0 0 0 0
222 6 0 0 0 0 0 0 0 0 6 5 0 0
223 2 0 0 0 0 0 0 0 0 0 0 0 0
224 2 0 0 0 0 0 0 0 0 2 2 0 0
248 1 0 0 0 0 0 1 1 1 0 0 0 0
249 1 0 0 0 0 0 1 0 0 0 0 0 0
251 1 0 0 1 0 0 0 0 0 0 0 0 0
254 4 0 0 0 0 0 4 0 0 0 0 0 0
255 4 0 0 0 0 0 4 0 0 0 0 0 0
257 4 0 0 4 0 0 0 0 0 0 0 0 0
260 2 0 0 0 0 0 2 0 0 0 0 0 0
261 2 0 0 0 0 0 2 0 0 0 0 0 0
263 2 0 0 2 0 0 0 0 0 0 0 0 0
fl=/usr/src/debug/glibc-2.28-189.el8.x86_64/string/../sysdeps/x86_64/strcmp.S
fn=strcmp
111 194 2 1 0 0 0 0 0 0 0 0 0 0
144 194 0 0 0 0 0 0 0 0 0 0 0 0
145 194 0 0 0 0 0 0 0 0 0 0 0 0
147 194 0 0 0 0 0 0 0 0 0 0 0 0
148 194 0 0 0 0 0 0 0 0 0 0 0 0
169 194 0 0 0 0 0 0 0 0 0 0 0 0
170 194 0 0 0 0 0 0 0 0 180 35 0 0
171 161 0 0 0 0 0 0 0 0 0 0 0 0
172 161 0 0 0 0 0 0 0 0 161 26 0 0
173 138 0 0 138 21 12 0 0 0 0 0 0 0
174 138 0 0 138 6 2 0 0 0 0 0 0 0
175 138 0 0 138 0 0 0 0 0 0 0 0 0
176 138 0 0 138 0 0 0 0 0 0 0 0 0
197 138 0 0 0 0 0 0 0 0 0 0 0 0
198 138 1 0 0 0 0 0 0 0 0 0 0 0
199 138 0 0 0 0 0 0 0 0 0 0 0 0
200 138 0 0 0 0 0 0 0 0 0 0 0 0
201 138 0 0 0 0 0 0 0 0 0 0 0 0
202 138 0 0 0 0 0 0 0 0 0 0 0 0
203 138 0 0 0 0 0 0 0 0 138 31 0 0
208 8 0 0 0 0 0 0 0 0 0 0 0 0
209 24 0 0 0 0 0 0 0 0 0 0 0 0
218 64 1 1 0 0 0 0 0 0 0 0 0 0
219 64 0 0 0 0 0 0 0 0 0 0 0 0
220 64 0 0 0 0 0 0 0 0 0 0 0 0
221 64 0 0 0 0 0 0 0 0 0 0 0 0
222 64 2 1 0 0 0 0 0 0 0 0 0 0
223 64 0 0 0 0 0 0 0 0 0 0 0 0
224 64 0 0 0 0 0 0 0 0 0 0 0 0
225 64 0 0 0 0 0 0 0 0 64 6 0 0
226 59 0 0 0 0 0 0 0 0 59 24 0 0
227 29 0 0 0 0 0 0 0 0 0 0 0 0
228 29 0 0 0 0 0 0 0 0 0 0 0 0
229 29 0 0 0 0 0 0 0 0 0 0 0 0
231 59 0 0 0 0 0 0 0 0 0 0 0 0
232 59 0 0 0 0 0 0 0 0 0 0 0 0
233 59 0 0 0 0 0 0 0 0 0 0 0 0
234 59 0 0 59 9 2 0 0 0 0 0 0 0
235 59 0 0 0 0 0 0 0 0 0 0 0 0
236 59 0 0 0 0 0 0 0 0 0 0 59 40
246 5 0 0 5 0 0 0 0 0 0 0 0 0
247 5 0 0 0 0 0 0 0 0 0 0 0 0
248 5 0 0 0 0 0 0 0 0 0 0 0 0
250 5 0 0 5 3 1 0 0 0 0 0 0 0
256 5 3 1 0 0 0 0 0 0 0 0 0 0
257 5 0 0 0 0 0 0 0 0 0 0 0 0
258 5 0 0 0 0 0 0 0 0 0 0 0 0
259 5 0 0 0 0 0 0 0 0 0 0 0 0
260 5 0 0 0 0 0 0 0 0 0 0 0 0
265 5 0 0 0 0 0 0 0 0 5 3 0 0
447 1 1 1 0 0 0 0 0 0 0 0 0 0
448 1 0 0 1 1 1 0 0 0 0 0 0 0
449 1 0 0 1 0 0 0 0 0 0 0 0 0
450 1 0 0 0 0 0 0 0 0 0 0 0 0
451 1 0 0 0 0 0 0 0 0 0 0 0 0
453 1 0 0 0 0 0 0 0 0 0 0 0 0
454 1 0 0 0 0 0 0 0 0 0 0 0 0
455 1 0 0 0 0 0 0 0 0 0 0 0 0
456 1 0 0 0 0 0 0 0 0 0 0 0 0
457 1 0 0 0 0 0 0 0 0 0 0 0 0
458 1 0 0 0 0 0 0 0 0 0 0 0 0
459 1 0 0 0 0 0 0 0 0 1 0 0 0
460 1 1 1 1 0 0 0 0 0 0 0 0 0
463 1 0 0 0 0 0 0 0 0 0 0 0 0
464 1 0 0 0 0 0 0 0 0 0 0 0 0
465 1 0 0 0 0 0 0 0 0 0 0 0 0
471 1 0 0 0 0 0 0 0 0 0 0 0 0
472 1 0 0 0 0 0 0 0 0 0 0 0 0
473 2 0 0 0 0 0 0 0 0 0 0 0 0
477 1 0 0 0 0 0 0 0 0 0 0 0 0
478 1 0 0 0 0 0 0 0 0 1 0 0 0
481 1 0 0 1 0 0 0 0 0 0 0 0 0
482 1 1 1 1 0 0 0 0 0 0 0 0 0
483 1 0 0 0 0 0 0 0 0 0 0 0 0
486 1 0 0 0 0 0 0 0 0 0 0 0 0
487 1 0 0 0 0 0 0 0 0 0 0 0 0
488 1 0 0 0 0 0 0 0 0 0 0 0 0
494 1 0 0 0 0 0 0 0 0 0 0 0 0
495 1 0 0 0 0 0 0 0 0 0 0 0 0
496 1 0 0 0 0 0 0 0 0 0 0 0 0
497 1 0 0 0 0 0 0 0 0 0 0 0 0
498 1 0 0 0 0 0 0 0 0 0 0 0 0
499 1 0 0 0 0 0 0 0 0 1 1 0 0
506 1 0 0 0 0 0 0 0 0 0 0 0 0
507 1 0 0 0 0 0 0 0 0 0 0 0 0
509 1 0 0 0 0 0 0 0 0 0 0 0 0
510 1 0 0 0 0 0 0 0 0 1 0 0 0
512 1 1 1 1 0 0 0 0 0 0 0 0 0
513 1 0 0 1 0 0 0 0 0 0 0 0 0
514 1 0 0 0 0 0 0 0 0 0 0 0 0
517 1 0 0 0 0 0 0 0 0 0 0 0 0
518 1 0 0 0 0 0 0 0 0 0 0 0 0
519 1 0 0 0 0 0 0 0 0 0 0 0 0
525 1 0 0 0 0 0 0 0 0 0 0 0 0
526 1 0 0 0 0 0 0 0 0 0 0 0 0
527 1 0 0 0 0 0 0 0 0 0 0 0 0
528 1 0 0 0 0 0 0 0 0 0 0 0 0
529 1 0 0 0 0 0 0 0 0 0 0 0 0
530 1 0 0 0 0 0 0 0 0 1 1 0 0
821 1 1 1 0 0 0 0 0 0 0 0 0 0
822 1 0 0 1 1 0 0 0 0 0 0 0 0
823 1 0 0 1 0 0 0 0 0 0 0 0 0
824 1 0 0 0 0 0 0 0 0 0 0 0 0
825 1 0 0 0 0 0 0 0 0 0 0 0 0
827 1 0 0 0 0 0 0 0 0 0 0 0 0
828 1 0 0 0 0 0 0 0 0 0 0 0 0
829 1 0 0 0 0 0 0 0 0 0 0 0 0
830 1 0 0 0 0 0 0 0 0 0 0 0 0
831 1 0 0 0 0 0 0 0 0 0 0 0 0
832 1 0 0 0 0 0 0 0 0 0 0 0 0
833 1 0 0 0 0 0 0 0 0 1 0 0 0
834 1 1 1 1 0 0 0 0 0 0 0 0 0
838 1 0 0 0 0 0 0 0 0 0 0 0 0
839 1 0 0 0 0 0 0 0 0 0 0 0 0
840 1 0 0 0 0 0 0 0 0 0 0 0 0
846 1 0 0 0 0 0 0 0 0 0 0 0 0
847 1 0 0 0 0 0 0 0 0 0 0 0 0
848 2 0 0 0 0 0 0 0 0 0 0 0 0
852 1 0 0 0 0 0 0 0 0 0 0 0 0
853 1 0 0 0 0 0 0 0 0 1 0 0 0
856 1 0 0 1 0 0 0 0 0 0 0 0 0
857 1 1 1 1 0 0 0 0 0 0 0 0 0
858 1 0 0 0 0 0 0 0 0 0 0 0 0
861 1 0 0 0 0 0 0 0 0 0 0 0 0
862 1 0 0 0 0 0 0 0 0 0 0 0 0
863 1 0 0 0 0 0 0 0 0 0 0 0 0
869 1 0 0 0 0 0 0 0 0 0 0 0 0
870 1 0 0 0 0 0 0 0 0 0 0 0 0
871 1 0 0 0 0 0 0 0 0 0 0 0 0
872 1 0 0 0 0 0 0 0 0 0 0 0 0
873 1 0 0 0 0 0 0 0 0 0 0 0 0
874 1 0 0 0 0 0 0 0 0 1 0 0 0
946 1 1 1 0 0 0 0 0 0 0 0 0 0
947 1 0 0 1 0 0 0 0 0 0 0 0 0
948 1 0 0 1 0 0 0 0 0 0 0 0 0
949 1 0 0 0 0 0 0 0 0 0 0 0 0
950 1 0 0 0 0 0 0 0 0 0 0 0 0
952 1 0 0 0 0 0 0 0 0 0 0 0 0
953 1 0 0 0 0 0 0 0 0 0 0 0 0
954 1 0 0 0 0 0 0 0 0 0 0 0 0
955 1 0 0 0 0 0 0 0 0 0 0 0 0
956 1 0 0 0 0 0 0 0 0 0 0 0 0
957 1 0 0 0 0 0 0 0 0 0 0 0 0
958 1 0 0 0 0 0 0 0 0 1 0 0 0
1071 6 1 1 0 0 0 0 0 0 0 0 0 0
1072 6 0 0 6 2 1 0 0 0 0 0 0 0
1073 6 0 0 6 1 1 0 0 0 0 0 0 0
1074 6 0 0 0 0 0 0 0 0 0 0 0 0
1075 6 0 0 0 0 0 0 0 0 0 0 0 0
1077 6 0 0 0 0 0 0 0 0 0 0 0 0
1078 6 0 0 0 0 0 0 0 0 0 0 0 0
1079 6 0 0 0 0 0 0 0 0 0 0 0 0
1080 6 0 0 0 0 0 0 0 0 0 0 0 0
1081 6 0 0 0 0 0 0 0 0 0 0 0 0
1082 6 0 0 0 0 0 0 0 0 0 0 0 0
1083 6 0 0 0 0 0 0 0 0 6 3 0 0
1084 3 1 1 3 0 0 0 0 0 0 0 0 0
1088 3 0 0 0 0 0 0 0 0 0 0 0 0
1089 3 0 0 0 0 0 0 0 0 0 0 0 0
1090 3 0 0 0 0 0 0 0 0 0 0 0 0
1096 3 0 0 0 0 0 0 0 0 0 0 0 0
1097 3 0 0 0 0 0 0 0 0 0 0 0 0
1098 6 0 0 0 0 0 0 0 0 0 0 0 0
1102 3 0 0 0 0 0 0 0 0 0 0 0 0
1103 3 0 0 0 0 0 0 0 0 3 0 0 0
1106 3 0 0 3 1 0 0 0 0 0 0 0 0
1107 3 1 1 3 0 0 0 0 0 0 0 0 0
1108 3 0 0 0 0 0 0 0 0 0 0 0 0
1111 3 0 0 0 0 0 0 0 0 0 0 0 0
1112 3 0 0 0 0 0 0 0 0 0 0 0 0
1113 3 0 0 0 0 0 0 0 0 0 0 0 0
1119 3 0 0 0 0 0 0 0 0 0 0 0 0
1120 3 0 0 0 0 0 0 0 0 0 0 0 0
1121 3 0 0 0 0 0 0 0 0 0 0 0 0
1122 3 0 0 0 0 0 0 0 0 0 0 0 0
1123 3 0 0 0 0 0 0 0 0 0 0 0 0
1124 3 0 0 0 0 0 0 0 0 3 1 0 0
1196 5 2 1 0 0 0 0 0 0 0 0 0 0
1197 5 0 0 5 2 2 0 0 0 0 0 0 0
1198 5 0 0 5 1 1 0 0 0 0 0 0 0
1199 5 0 0 0 0 0 0 0 0 0 0 0 0
1200 5 0 0 0 0 0 0 0 0 0 0 0 0
1202 5 0 0 0 0 0 0 0 0 0 0 0 0
1203 5 0 0 0 0 0 0 0 0 0 0 0 0
1204 5 0 0 0 0 0 0 0 0 0 0 0 0
1205 5 0 0 0 0 0 0 0 0 0 0 0 0
1206 5 0 0 0 0 0 0 0 0 0 0 0 0
1207 5 0 0 0 0 0 0 0 0 0 0 0 0
1208 5 0 0 0 0 0 0 0 0 5 4 0 0
1209 1 1 1 1 0 0 0 0 0 0 0 0 0
1213 1 0 0 0 0 0 0 0 0 0 0 0 0
1214 1 0 0 0 0 0 0 0 0 0 0 0 0
1215 1 0 0 0 0 0 0 0 0 0 0 0 0
1221 1 0 0 0 0 0 0 0 0 0 0 0 0
1222 1 0 0 0 0 0 0 0 0 0 0 0 0
1223 2 0 0 0 0 0 0 0 0 0 0 0 0
1227 1 0 0 0 0 0 0 0 0 0 0 0 0
1228 1 0 0 0 0 0 0 0 0 1 0 0 0
1231 1 0 0 1 0 0 0 0 0 0 0 0 0
1232 1 1 1 1 0 0 0 0 0 0 0 0 0
1233 1 0 0 0 0 0 0 0 0 0 0 0 0
1236 1 0 0 0 0 0 0 0 0 0 0 0 0
1237 1 0 0 0 0 0 0 0 0 0 0 0 0
1238 1 0 0 0 0 0 0 0 0 0 0 0 0
1244 1 0 0 0 0 0 0 0 0 0 0 0 0
1245 1 0 0 0 0 0 0 0 0 0 0 0 0
1246 1 0 0 0 0 0 0 0 0 0 0 0 0
1247 1 0 0 0 0 0 0 0 0 0 0 0 0
1248 1 0 0 0 0 0 0 0 0 0 0 0 0
1249 1 0 0 0 0 0 0 0 0 1 1 0 0
1571 19 2 1 0 0 0 0 0 0 0 0 0 0
1572 19 0 0 19 2 2 0 0 0 0 0 0 0
1573 19 0 0 19 3 2 0 0 0 0 0 0 0
1574 19 0 0 0 0 0 0 0 0 0 0 0 0
1575 19 0 0 0 0 0 0 0 0 0 0 0 0
1577 19 0 0 0 0 0 0 0 0 0 0 0 0
1578 19 0 0 0 0 0 0 0 0 0 0 0 0
1579 19 0 0 0 0 0 0 0 0 0 0 0 0
1580 19 0 0 0 0 0 0 0 0 0 0 0 0
1581 19 0 0 0 0 0 0 0 0 0 0 0 0
1582 19 0 0 0 0 0 0 0 0 0 0 0 0
1583 19 0 0 0 0 0 0 0 0 19 1 0 0
1584 18 2 1 18 0 0 0 0 0 0 0 0 0
1588 18 0 0 0 0 0 0 0 0 0 0 0 0
1589 18 0 0 0 0 0 0 0 0 0 0 0 0
1590 18 0 0 0 0 0 0 0 0 0 0 0 0
1596 18 0 0 0 0 0 0 0 0 0 0 0 0
1597 18 0 0 0 0 0 0 0 0 0 0 0 0
1598 36 0 0 0 0 0 0 0 0 0 0 0 0
1602 18 0 0 0 0 0 0 0 0 0 0 0 0
1603 18 0 0 0 0 0 0 0 0 18 0 0 0
1606 18 0 0 18 2 2 0 0 0 0 0 0 0
1607 18 2 1 18 1 0 0 0 0 0 0 0 0
1608 18 0 0 0 0 0 0 0 0 0 0 0 0
1611 18 0 0 0 0 0 0 0 0 0 0 0 0
1612 18 0 0 0 0 0 0 0 0 0 0 0 0
1613 18 0 0 0 0 0 0 0 0 0 0 0 0
1619 18 0 0 0 0 0 0 0 0 0 0 0 0
1620 18 0 0 0 0 0 0 0 0 0 0 0 0
1621 18 0 0 0 0 0 0 0 0 0 0 0 0
1622 18 0 0 0 0 0 0 0 0 0 0 0 0
1623 18 0 0 0 0 0 0 0 0 0 0 0 0
1624 18 0 0 0 0 0 0 0 0 18 5 0 0
1631 1 0 0 0 0 0 0 0 0 0 0 0 0
1632 1 0 0 0 0 0 0 0 0 0 0 0 0
1634 1 0 0 0 0 0 0 0 0 0 0 0 0
1635 1 0 0 0 0 0 0 0 0 1 0 0 0
1637 1 1 1 1 0 0 0 0 0 0 0 0 0
1638 1 0 0 1 0 0 0 0 0 0 0 0 0
1639 1 0 0 0 0 0 0 0 0 0 0 0 0
1642 1 0 0 0 0 0 0 0 0 0 0 0 0
1643 1 0 0 0 0 0 0 0 0 0 0 0 0
1644 1 0 0 0 0 0 0 0 0 0 0 0 0
1650 1 0 0 0 0 0 0 0 0 0 0 0 0
1651 1 0 0 0 0 0 0 0 0 0 0 0 0
1652 1 0 0 0 0 0 0 0 0 0 0 0 0
1653 1 0 0 0 0 0 0 0 0 0 0 0 0
1654 1 0 0 0 0 0 0 0 0 0 0 0 0
1655 1 0 0 0 0 0 0 0 0 1 1 0 0
1696 9 1 1 0 0 0 0 0 0 0 0 0 0
1697 9 0 0 9 2 2 0 0 0 0 0 0 0
1698 9 0 0 9 0 0 0 0 0 0 0 0 0
1699 9 0 0 0 0 0 0 0 0 0 0 0 0
1700 9 0 0 0 0 0 0 0 0 0 0 0 0
1702 9 0 0 0 0 0 0 0 0 0 0 0 0
1703 9 0 0 0 0 0 0 0 0 0 0 0 0
1704 9 0 0 0 0 0 0 0 0 0 0 0 0
1705 9 0 0 0 0 0 0 0 0 0 0 0 0
1706 9 0 0 0 0 0 0 0 0 0 0 0 0
1707 9 0 0 0 0 0 0 0 0 0 0 0 0
1708 9 0 0 0 0 0 0 0 0 9 0 0 0
1709 9 1 1 9 0 0 0 0 0 0 0 0 0
1713 9 0 0 0 0 0 0 0 0 0 0 0 0
1714 9 0 0 0 0 0 0 0 0 0 0 0 0
1715 9 0 0 0 0 0 0 0 0 0 0 0 0
1721 9 0 0 0 0 0 0 0 0 0 0 0 0
1722 9 0 0 0 0 0 0 0 0 0 0 0 0
1723 18 0 0 0 0 0 0 0 0 0 0 0 0
1727 9 0 0 0 0 0 0 0 0 0 0 0 0
1728 9 0 0 0 0 0 0 0 0 9 0 0 0
1731 9 0 0 9 0 0 0 0 0 0 0 0 0
1732 9 1 1 9 2 1 0 0 0 0 0 0 0
1733 9 0 0 0 0 0 0 0 0 0 0 0 0
1736 9 0 0 0 0 0 0 0 0 0 0 0 0
1737 9 0 0 0 0 0 0 0 0 0 0 0 0
1738 9 0 0 0 0 0 0 0 0 0 0 0 0
1744 9 0 0 0 0 0 0 0 0 0 0 0 0
1745 9 0 0 0 0 0 0 0 0 0 0 0 0
1746 9 0 0 0 0 0 0 0 0 0 0 0 0
1747 9 0 0 0 0 0 0 0 0 0 0 0 0
1748 9 0 0 0 0 0 0 0 0 0 0 0 0
1749 9 0 0 0 0 0 0 0 0 9 5 0 0
1821 2 2 1 0 0 0 0 0 0 0 0 0 0
1822 2 0 0 2 0 0 0 0 0 0 0 0 0
1823 2 0 0 2 1 1 0 0 0 0 0 0 0
1824 2 0 0 0 0 0 0 0 0 0 0 0 0
1825 2 0 0 0 0 0 0 0 0 0 0 0 0
1827 2 0 0 0 0 0 0 0 0 0 0 0 0
1828 2 0 0 0 0 0 0 0 0 0 0 0 0
1829 2 0 0 0 0 0 0 0 0 0 0 0 0
1830 2 0 0 0 0 0 0 0 0 0 0 0 0
1831 2 0 0 0 0 0 0 0 0 0 0 0 0
1832 2 0 0 0 0 0 0 0 0 0 0 0 0
1833 2 0 0 0 0 0 0 0 0 2 2 0 0
1946 2 1 1 0 0 0 0 0 0 0 0 0 0
1947 2 0 0 2 1 1 0 0 0 0 0 0 0
1948 2 0 0 2 0 0 0 0 0 0 0 0 0
1949 2 0 0 0 0 0 0 0 0 0 0 0 0
1950 2 0 0 0 0 0 0 0 0 0 0 0 0
1952 2 0 0 0 0 0 0 0 0 0 0 0 0
1953 2 0 0 0 0 0 0 0 0 0 0 0 0
1954 2 0 0 0 0 0 0 0 0 0 0 0 0
1955 2 0 0 0 0 0 0 0 0 0 0 0 0
1956 2 0 0 0 0 0 0 0 0 0 0 0 0
1957 2 0 0 0 0 0 0 0 0 0 0 0 0
1958 2 0 0 0 0 0 0 0 0 2 1 0 0
1959 1 1 1 1 0 0 0 0 0 0 0 0 0
1963 1 0 0 0 0 0 0 0 0 0 0 0 0
1964 1 0 0 0 0 0 0 0 0 0 0 0 0
1965 1 0 0 0 0 0 0 0 0 0 0 0 0
1971 1 0 0 0 0 0 0 0 0 0 0 0 0
1972 1 0 0 0 0 0 0 0 0 0 0 0 0
1973 2 0 0 0 0 0 0 0 0 0 0 0 0
1977 1 0 0 0 0 0 0 0 0 0 0 0 0
1978 1 0 0 0 0 0 0 0 0 1 0 0 0
1981 1 0 0 1 0 0 0 0 0 0 0 0 0
1982 1 1 1 1 1 1 0 0 0 0 0 0 0
1983 1 0 0 0 0 0 0 0 0 0 0 0 0
1986 1 0 0 0 0 0 0 0 0 0 0 0 0
1987 1 0 0 0 0 0 0 0 0 0 0 0 0
1988 1 0 0 0 0 0 0 0 0 0 0 0 0
1994 1 0 0 0 0 0 0 0 0 0 0 0 0
1995 1 0 0 0 0 0 0 0 0 0 0 0 0
1996 1 0 0 0 0 0 0 0 0 0 0 0 0
1997 1 0 0 0 0 0 0 0 0 0 0 0 0
1998 1 0 0 0 0 0 0 0 0 0 0 0 0
1999 1 0 0 0 0 0 0 0 0 1 0 0 0
2071 13 2 1 0 0 0 0 0 0 0 0 0 0
2072 13 0 0 13 3 2 0 0 0 0 0 0 0
2073 13 0 0 13 4 3 0 0 0 0 0 0 0
2074 13 0 0 0 0 0 0 0 0 0 0 0 0
2075 13 0 0 0 0 0 0 0 0 0 0 0 0
2077 13 0 0 0 0 0 0 0 0 0 0 0 0
2078 13 0 0 0 0 0 0 0 0 0 0 0 0
2079 13 0 0 0 0 0 0 0 0 0 0 0 0
2080 13 0 0 0 0 0 0 0 0 0 0 0 0
2081 13 0 0 0 0 0 0 0 0 0 0 0 0
2082 13 0 0 0 0 0 0 0 0 0 0 0 0
2083 13 0 0 0 0 0 0 0 0 13 9 0 0
2085 4 2 1 4 0 0 0 0 0 0 0 0 0
2089 4 0 0 0 0 0 0 0 0 0 0 0 0
2090 4 0 0 0 0 0 0 0 0 0 0 0 0
2091 4 0 0 0 0 0 0 0 0 0 0 0 0
2097 4 0 0 0 0 0 0 0 0 0 0 0 0
2098 4 0 0 0 0 0 0 0 0 0 0 0 0
2100 8 0 0 0 0 0 0 0 0 0 0 0 0
2104 4 0 0 0 0 0 0 0 0 0 0 0 0
2105 4 0 0 0 0 0 0 0 0 4 0 0 0
2108 4 0 0 4 0 0 0 0 0 0 0 0 0
2109 4 2 1 4 2 1 0 0 0 0 0 0 0
2110 4 0 0 0 0 0 0 0 0 0 0 0 0
2113 4 0 0 0 0 0 0 0 0 0 0 0 0
2114 4 0 0 0 0 0 0 0 0 0 0 0 0
2115 4 0 0 0 0 0 0 0 0 0 0 0 0
2121 4 0 0 0 0 0 0 0 0 0 0 0 0
2122 4 0 0 0 0 0 0 0 0 0 0 0 0
2123 4 0 0 0 0 0 0 0 0 0 0 0 0
2124 4 0 0 0 0 0 0 0 0 0 0 0 0
2125 4 0 0 0 0 0 0 0 0 0 0 0 0
2126 4 0 0 0 0 0 0 0 0 4 4 0 0
2200 38 0 0 0 0 0 0 0 0 0 0 0 0
2202 64 1 1 0 0 0 0 0 0 0 0 0 0
2203 64 0 0 0 0 0 0 0 0 0 0 0 0
2204 64 0 0 0 0 0 0 0 0 0 0 0 0
2205 64 0 0 0 0 0 0 0 0 64 16 0 0
2206 58 0 0 0 0 0 0 0 0 0 0 0 0
2211 194 1 0 0 0 0 0 0 0 0 0 0 0
2217 194 0 0 194 0 0 0 0 0 0 0 0 0
2218 194 0 0 194 0 0 0 0 0 0 0 0 0
2226 194 0 0 0 0 0 0 0 0 0 0 0 0
2227 194 0 0 194 0 0 0 0 0 0 0 0 0
fl=/usr/src/debug/glibc-2.28-189.el8.x86_64/string/../sysdeps/x86_64/strcspn.S
fn=strcspn
28 1 1 1 0 0 0 0 0 0 0 0 0 0
30 1 0 0 0 0 0 0 0 0 0 0 0 0
37 1 0 0 0 0 0 0 0 0 0 0 0 0
38 1 0 0 0 0 0 0 0 0 0 0 0 0
40 1 0 0 0 0 0 0 0 0 0 0 0 0
41 1 0 0 0 0 0 0 0 0 0 0 0 0
42 1 0 0 0 0 0 0 0 0 0 0 0 0
43 1 0 0 0 0 0 0 0 0 0 0 0 0
44 33 0 0 0 0 0 32 4 4 32 10 0 0
47 3 1 1 0 0 0 0 0 0 0 0 0 0
54 1 0 0 1 1 1 0 0 0 0 0 0 0
55 1 0 0 0 0 0 0 0 0 0 0 0 0
56 1 0 0 0 0 0 0 0 0 1 0 0 0
57 1 0 0 0 0 0 1 0 0 0 0 0 0
59 1 0 0 1 0 0 0 0 0 0 0 0 0
60 1 0 0 0 0 0 0 0 0 0 0 0 0
61 1 0 0 0 0 0 0 0 0 1 0 0 0
62 1 0 0 0 0 0 1 0 0 0 0 0 0
64 1 0 0 1 0 0 0 0 0 0 0 0 0
65 1 0 0 0 0 0 0 0 0 0 0 0 0
66 1 0 0 0 0 0 0 0 0 1 1 0 0
75 3 1 1 0 0 0 0 0 0 0 0 0 0
87 13 0 0 0 0 0 0 0 0 0 0 0 0
89 13 0 0 13 0 0 0 0 0 0 0 0 0
90 13 0 0 13 0 0 0 0 0 0 0 0 0
91 13 0 0 0 0 0 0 0 0 13 0 0 0
93 13 0 0 13 0 0 0 0 0 0 0 0 0
94 13 0 0 13 0 0 0 0 0 0 0 0 0
95 13 0 0 0 0 0 0 0 0 13 0 0 0
97 13 0 0 13 0 0 0 0 0 0 0 0 0
98 13 0 0 13 0 0 0 0 0 0 0 0 0
99 13 0 0 0 0 0 0 0 0 13 0 0 0
101 13 0 0 13 0 0 0 0 0 0 0 0 0
102 13 0 0 13 0 0 0 0 0 0 0 0 0
103 13 0 0 0 0 0 0 0 0 13 3 0 0
105 1 0 0 0 0 0 0 0 0 0 0 0 0
106 1 0 0 0 0 0 0 0 0 0 0 0 0
107 1 0 0 0 0 0 0 0 0 0 0 0 0
109 1 0 0 0 0 0 0 0 0 0 0 0 0
116 1 0 0 0 0 0 0 0 0 0 0 0 0
120 1 0 0 1 0 0 0 0 0 0 0 0 0
fl=/usr/src/debug/glibc-2.28-189.el8.x86_64/string/strdup.c
fn=strdup
40 10 1 1 0 0 0 4 0 0 0 0 0 0
41 4 0 0 0 0 0 2 0 0 0 0 0 0
44 4 0 0 0 0 0 0 0 0 2 0 0 0
47 10 0 0 0 0 0 2 0 0 0 0 0 0
48 10 0 0 6 0 0 0 0 0 0 0 0 0
fl=???
fn=(below main)
0 74 6 5 19 2 0 20 0 0 7 0 3 3
fn=???
0 240502 32 25 240341 26 1 52 3 2 9 6 240301 43
fn=_Exit
0 9 1 1 1 0 0 0 0 0 0 0 0 0
fn=_IO_cleanup
0 147 14 14 46 0 0 26 0 0 31 15 1 1
fn=_IO_default_finish
0 16 3 3 6 0 0 1 0 0 4 4 0 0
fn=_IO_default_setbuf
0 54 4 4 9 0 0 15 0 0 4 1 1 1
fn=_IO_default_uflow
0 46 3 3 12 0 0 7 0 0 4 1 2 1
fn=_IO_default_xsputn
0 262 3 3 70 0 0 19 0 0 51 3 12 1
fn=_IO_do_write@@GLIBC_2.2.5
0 29 1 1 5 0 0 4 0 0 3 2 0 0
fn=_IO_doallocbuf
0 52 3 3 16 2 0 8 1 0 8 5 2 1
fn=_IO_file_close
0 3 1 1 1 0 0 0 0 0 0 0 0 0
fn=_IO_file_close_it@@GLIBC_2.2.5
0 55 6 6 10 0 0 16 0 0 5 2 1 1
fn=_IO_file_doallocate
0 118 8 6 26 2 0 14 1 0 15 2 2 1
fn=_IO_file_finish@@GLIBC_2.2.5
0 13 2 2 3 0 0 2 0 0 1 1 0 0
fn=_IO_file_fopen@@GLIBC_2.2.5
0 63 6 6 13 1 1 9 0 0 10 2 0 0
fn=_IO_file_open
0 33 3 3 6 0 0 7 0 0 3 1 0 0
fn=_IO_file_overflow@@GLIBC_2.2.5
0 830 6 6 218 0 0 128 0 0 166 9 0 0
fn=_IO_file_read
0 12 1 1 4 0 0 0 0 0 2 0 0 0
fn=_IO_file_setbuf@@GLIBC_2.2.5
0 16 1 1 3 0 0 8 0 0 1 0 0 0
fn=_IO_file_stat
0 10 2 1 2 0 0 0 0 0 0 0 0 0
fn=_IO_file_sync@@GLIBC_2.2.5
0 18 3 3 7 0 0 3 0 0 2 2 0 0
fn=_IO_file_underflow@@GLIBC_2.2.5
0 118 9 7 35 0 0 29 1 0 16 5 2 1
fn=_IO_file_write@@GLIBC_2.2.5
0 74 3 3 16 0 0 10 0 0 10 6 0 0
fn=_IO_file_xsputn@@GLIBC_2.2.5
0 554 8 7 110 2 1 57 1 0 107 25 2 1
fn=_IO_flush_all_lockp
0 115 11 11 34 6 3 20 1 0 25 13 0 0
fn=_IO_link_in
0 99 9 9 37 2 1 19 0 0 20 11 0 0
fn=_IO_new_file_init_internal
0 14 2 2 4 0 0 5 0 0 0 0 0 0
fn=_IO_no_init
0 34 3 3 5 0 0 20 2 2 1 0 0 0
fn=_IO_old_init
0 28 3 3 3 1 1 18 2 2 2 1 0 0
fn=_IO_setb
0 68 2 2 16 0 0 16 0 0 4 2 0 0
fn=_IO_sputbackc
0 171 2 2 63 0 0 27 0 0 18 8 0 0
fn=_IO_switch_to_get_mode
0 50 3 3 16 0 0 14 0 0 6 4 0 0
fn=_IO_un_link
0 8 1 1 3 0 0 0 0 0 2 1 0 0
fn=_IO_unsave_markers
0 6 1 1 3 0 0 0 0 0 2 2 0 0
fn=_IO_vfscanf
0 1613 68 68 428 16 10 229 10 2 291 76 8 3
fn=__GI__IO_un_link.part.1
0 87 11 11 31 0 0 15 0 0 19 11 0 0
fn=__GI_strstr
0 34 3 3 11 1 1 8 0 0 3 1 0 0
fn=____strtol_l_internal
0 376 11 11 52 1 0 33 0 0 77 26 0 0
fn=__call_tls_dtors
0 12 2 2 5 0 0 2 0 0 1 1 0 0
fn=__close_nocancel
0 6 1 1 1 0 0 0 0 0 1 0 0 0
fn=__ctype_init
0 17 2 2 10 3 0 3 0 0 0 0 0 0
fn=__cxa_atexit
0 3 1 1 0 0 0 0 0 0 0 0 0 0
fn=__cxa_finalize
0 59 7 6 17 1 1 7 0 0 11 2 0 0
fn=__default_morecore
0 16 1 1 2 0 0 2 0 0 0 0 0 0
fn=__fopen_internal
0 43 4 4 7 1 0 11 1 1 3 1 0 0
fn=__gettimeofday_syscall
0 12 0 0 2 0 0 0 0 0 2 0 0 0
fn=__init_misc
0 25 2 2 7 0 0 5 1 0 2 0 0 0
fn=__internal_atexit
0 38 4 4 10 2 1 9 1 0 5 4 0 0
fn=__isoc99_fscanf
0 122 7 7 40 0 0 26 0 0 20 12 0 0
fn=__libc_alloca_cutoff
0 11 2 2 2 1 0 0 0 0 1 1 0 0
fn=__libc_csu_init
0 34 2 2 8 1 0 8 0 0 2 0 1 1
fn=__libc_early_init
0 2 0 0 0 0 0 0 0 0 0 0 0 0
fn=__memcpy_sse2_unaligned_erms
0 300079 8 8 80022 19889 0 80013 20002 9702 20020 18 0 0
fn=__mempcpy_sse2_unaligned
0 28 1 1 0 0 0 0 0 0 0 0 0 0
fn=__mpn_cmp
0 12 2 2 3 0 0 0 0 0 2 1 0 0
fn=__mpn_divrem
0 352 4 4 98 0 0 80 1 0 44 17 0 0
fn=__mpn_extract_double
0 20 3 3 1 0 0 4 0 0 1 1 0 0
fn=__mpn_lshift
0 16 2 2 2 0 0 1 0 0 3 2 0 0
fn=__mpn_mul_1
0 189 3 3 27 0 0 18 0 0 36 0 0 0
fn=__mpn_rshift
0 36 3 3 6 0 0 4 0 0 8 6 0 0
fn=__new_exitfn
0 30 4 4 8 2 0 5 0 0 4 2 0 0
fn=__overflow
0 180 4 2 40 0 0 10 0 0 20 4 10 1
fn=__printf_fp
0 7 1 1 2 2 0 0 0 0 0 0 0 0
fn=__printf_fp_l
0 964 68 68 190 13 9 99 5 0 166 55 0 0
fn=__run_exit_handlers
0 105 10 10 25 4 0 15 0 0 24 16 2 2
fn=__sigjmp_save
0 9 2 2 2 0 0 2 0 0 1 0 0 0
fn=__sigsetjmp
0 22 2 2 5 1 0 8 0 0 1 1 0 0
fn=__strchr_sse2
0 24 2 2 3 1 1 0 0 0 2 0 0 0
fn=__strchrnul_sse2
0 84 2 2 8 1 1 0 0 0 8 0 0 0
fn=__strcmp_sse2_unaligned
0 44 2 2 10 0 0 0 0 0 4 0 0 0
fn=__strlen_sse2
0 51 1 1 6 3 1 0 0 0 6 0 0 0
fn=__strrchr_sse2
0 25 2 2 2 1 0 0 0 0 3 0 0 0
fn=__strtol_internal
0 12 2 2 6 0 0 0 0 0 0 0 0 0
fn=__uflow
0 70 4 4 22 1 0 4 0 0 16 8 2 1
fn=__unregister_atfork
0 16 4 4 6 1 1 0 0 0 5 5 0 0
fn=__x86_cacheinfo
0 94 8 8 16 4 0 22 3 3 8 3 0 0
fn=_dl_addr
0 73134 11 11 14516 1085 912 17 1 0 16366 2209 2 2
fn=_dl_vdso_vsym
0 80 4 4 30 3 0 5 0 0 10 4 0 0
fn=_fxstat
0 22 2 2 2 0 0 0 0 0 4 0 0 0
fn=_init
0 108 7 7 17 2 0 16 3 3 8 3 0 0
fn=_int_free
0 227 11 11 66 3 0 38 0 0 39 12 0 0
fn=_int_malloc
0 2281 41 36 337 22 0 409 13 4 308 79 0 0
fn=_itoa_word
0 49 3 3 4 1 1 3 0 0 4 2 0 0
fn=_setjmp
0 3 1 1 0 0 0 0 0 0 0 0 0 0
fn=bcmp
0 14 2 2 5 0 0 0 0 0 3 2 0 0
fn=brk
0 33 1 1 6 0 0 3 0 0 6 0 0 0
fn=calloc
0 416 4 4 128 12 0 48 0 0 64 3 0 0
fn=check_stdfiles_vtables
0 12 2 2 7 2 0 0 0 0 3 1 0 0
fn=close
0 10 1 1 2 0 0 0 0 0 2 2 0 0
fn=exit
0 8 1 1 1 0 0 2 0 0 0 0 0 0
fn=fclose@@GLIBC_2.2.5
0 75 7 7 26 1 0 9 0 0 16 6 1 1
fn=fopen@@GLIBC_2.2.5
0 3 1 1 0 0 0 0 0 0 0 0 0 0
fn=free
0 341 7 5 82 16 0 27 0 0 71 13 0 0
fn=generate_data
0 5054270 4 4 2167026 3 1 481218 30495 30494 242604 829 0 0
fn=get_common_cache_info
0 222 12 12 21 0 0 15 0 0 39 15 0 0
fn=gettimeofday
0 134 7 4 8 1 0 8 0 0 10 3 0 0
fn=hack_digit
0 427 4 4 160 0 0 70 0 0 54 11 0 0
fn=handle_intel.constprop.1
0 213 5 5 40 1 0 49 0 0 19 3 0 0
fn=index
0 12 0 0 4 0 0 0 0 0 2 1 0 0
fn=intel_check_word.isra.0
0 1948 6 6 205 8 8 40 0 0 543 104 0 0
fn=lseek
0 6 1 1 1 0 0 0 0 0 1 0 0 0
fn=main
0 123 12 11 42 4 1 31 1 0 7 6 0 0
fn=malloc
0 225 7 7 56 10 0 20 0 0 42 16 1 1
fn=malloc_hook_ini
0 12 2 2 3 1 1 3 0 0 1 0 0 0
fn=malloc_init_state
0 647 2 2 1 0 0 257 35 34 128 9 0 0
fn=memchr
0 9 1 1 4 0 0 0 0 0 2 1 0 0
fn=memcpy@@GLIBC_2.14
0 44 6 4 10 3 0 0 0 0 8 5 0 0
fn=memcpy@GLIBC_2.2.5
0 42 1 1 6 1 1 4 0 0 13 6 0 0
fn=memmove
0 44 4 4 10 0 0 0 0 0 8 6 0 0
fn=mempcpy
0 22 4 4 5 0 0 0 0 0 4 3 0 0
fn=memrchr
0 9 2 2 4 0 0 0 0 0 2 0 0 0
fn=memset
0 20 2 2 4 0 0 0 0 0 3 2 0 0
fn=mmap
0 324 3 3 63 0 0 54 1 0 27 3 0 0
fn=msync
0 10 1 1 2 1 0 0 0 0 2 0 0 0
fn=munmap
0 54 2 2 9 0 0 0 0 0 9 0 0 0
fn=munmap_chunk
0 264 3 3 80 2 0 0 0 0 48 2 0 0
fn=my_solver
0 5912986898 22 21 2828494832 112366040 80000 129042628 212142 30298 129525006 482581 0 0
fn=new_do_write
0 110 6 5 32 1 0 26 0 0 12 6 2 1
fn=open
0 60 4 4 11 0 0 7 0 0 9 2 0 0
fn=printf
0 36 4 4 6 2 0 19 0 0 2 0 0 0
fn=ptmalloc_init.part.0
0 83 8 8 11 5 1 19 2 0 5 1 0 0
fn=puts
0 73 8 8 26 7 0 10 1 0 13 7 1 1
fn=rand
0 1201000 2 2 240200 0 0 240200 0 0 0 0 0 0
fn=random
0 5524600 3 3 2161800 0 0 480400 0 0 1201000 32 0 0
fn=random_r
0 6727424 3 3 1926560 0 0 963280 0 0 1196332 15545 0 0
fn=rawmemchr
0 9 1 1 4 0 0 0 0 0 2 1 0 0
fn=read
0 20 1 1 4 0 0 0 0 0 4 0 0 0
fn=read_input_file
0 113 9 9 39 1 1 34 4 2 6 5 0 0
fn=read_int
0 13 3 3 4 0 0 1 0 0 1 1 0 0
fn=rindex
0 9 1 1 4 0 0 0 0 0 2 1 0 0
fn=run_test
0 139 8 8 52 6 0 44 6 0 6 2 1 1
fn=sbrk
0 57 4 4 15 2 0 9 1 0 10 4 0 0
fn=srand
0 36 3 3 10 1 1 2 0 0 8 8 0 0
fn=srandom_r
0 4888 4 4 18 1 0 690 2 2 692 29 0 0
fn=stpcpy
0 14 1 1 4 0 0 0 0 0 3 2 0 0
fn=stpncpy
0 14 2 2 4 0 0 0 0 0 3 0 0 0
fn=strcasecmp
0 12 2 2 4 0 0 0 0 0 3 1 0 0
fn=strcasecmp_l
0 12 1 1 4 0 0 0 0 0 3 1 0 0
fn=strcat
0 14 2 2 4 0 0 0 0 0 3 2 0 0
fn=strchrnul
0 9 1 1 4 0 0 0 0 0 2 1 0 0
fn=strcmp
0 28 6 3 8 2 0 0 0 0 6 4 0 0
fn=strcpy
0 14 1 1 4 0 0 0 0 0 3 2 0 0
fn=strcspn
0 7 1 1 3 0 0 0 0 0 0 0 0 0
fn=strlen
0 9 1 1 4 0 0 0 0 0 2 0 0 0
fn=strncasecmp
0 12 1 1 4 0 0 0 0 0 3 0 0 0
fn=strncasecmp_l
0 12 2 2 4 0 0 0 0 0 3 1 0 0
fn=strncmp
0 14 1 1 5 0 0 0 0 0 3 2 0 0
fn=strncpy
0 14 3 3 4 0 0 0 0 0 3 2 0 0
fn=strnlen
0 18 2 2 8 0 0 0 0 0 4 2 0 0
fn=strpbrk
0 7 0 0 3 0 0 0 0 0 0 0 0 0
fn=strspn
0 7 1 1 3 0 0 0 0 0 0 0 0 0
fn=sysmalloc
0 668 21 20 193 9 2 97 14 10 117 16 2 2
fn=tcache_init.part.7
0 115 4 4 9 1 0 84 9 9 87 14 0 0
fn=time
0 67 3 3 4 1 1 4 0 0 5 1 0 0
fn=unlink_chunk.isra.2
0 31 3 3 13 1 0 4 0 0 8 0 0 0
fn=vfprintf
0 607 59 59 135 14 5 104 3 0 88 30 10 8
fn=wcschr
0 18 1 1 8 0 0 0 0 0 4 1 0 0
fn=wcscmp
0 9 1 1 4 0 0 0 0 0 2 1 0 0
fn=wcslen
0 9 2 2 4 0 0 0 0 0 2 1 0 0
fn=wcsnlen
0 12 2 2 5 0 0 0 0 0 2 1 0 0
fn=wmemchr
0 18 2 2 8 0 0 0 0 0 4 2 0 0
fn=wmemset
0 20 2 2 8 0 0 0 0 0 4 2 0 0
fn=write
0 30 3 2 6 0 0 0 0 0 6 0 0 0
fn=write_cmat_file
0 82 5 5 24 1 0 20 0 0 6 5 0 0
summary: 5932296906 1635 1555 2835369924 112388969 82183 131305440 263384 71094 132235241 505208 240692 240
